# Number of x values
100
# x nodes
1
2
3
4
5
6
7
8
9
10
11
12
13
14
15
16
17
18
19
20
21
22
23
24
25
26
27
28
29
30
31
32
33
34
35
36
37
38
39
40
41
42
43
44
45
46
47
48
49
50
51
52
53
54
55
56
57
58
59
60
61
62
63
64
65
66
67
68
69
70
71
72
73
74
75
76
77
78
79
80
81
82
83
84
85
86
87
88
89
90
91
92
93
94
95
96
97
98
99
100
# y nodes
47.98
48.13
48.32
48.04
48.89
48.26
48.36
48.71
48.5
47.38
47.18
46.95
47.04
47.59
48.08
48.64
48.79
47.68
47.48
47.14
47.02
46.59
46.8
47.31
46.32
46.18
45.85
45.81
45.77
45.94
43.87
41.19
40.95
39.26
39.27
39.28
39.23
39.26
39.3
39.27
39.27
39.14
39.22
39.21
39.16
39.29
39.25
39.25
39.2
39.23
39.21
39.29
39.19
39.15
39.16
39.26
39.23
39.27
39.37
39.2
39.21
39.26
39.34
39.24
39.38
39.29
39.3
39.24
39.23
39.18
39.19
39.24
39.21
39.17
39.18
39.2
39.22
39.25
39.19
39.22
39.17
40.17
41.46
42.7
42.83
43.13
43.17
43.12
42.98
43.02
42.94
42.98
42.95
42.87
42.87
42.89
43.02
43.2
43.39
43.51
