#Number of points in x direction
10
# Number of points in y direction
10
# x node values
357000
357100
357200
357300
357400
357500
357600
357700
357800
357900
# y node values
5646900
5646800
5646700
5646600
5646500
5646400
5646300
5646200
5646100
5646000
# z values
47.21
46.77
46.11
46.14
46.41
47.91
46.53
45.35
39.14
39.1
48.48
47.22
46.75
46.32
45.95
46.73
45.47
39.18
39.2
39.19
47.89
47.73
46.75
45.97
45.28
45.83
39.16
39.26
39.21
39.09
48.34
47.77
46.65
46.36
45.75
39.31
39.24
39.28
39.2
39.16
47.61
47.45
46.79
45.93
39.24
39.34
39.15
39.17
39.25
40.74
47.81
47.77
48.24
40.88
39.33
39.22
39.22
39.23
42.6
43.26
47.11
46.7
45.9
39.35
39.34
39.21
39.18
39.99
43.76
44.26
47.19
46.25
39.38
39.34
39.25
39.25
39.22
43.22
43.72
46.53
47.17
41.94
39.34
39.32
39.29
39.29
43.25
43.87
46
45.5
45.58
39.39
39.36
39.31
39.34
43.04
44.49
45.49
46.86
45.47
