  
 ------------------------
 2D Mesh Quality Measures
 ------------------------
  
Signed Area     Aspect Ratio    Condition       Edge Ratio      Jacobian        Minimum Angle   Maximum Angle   Area Sign       
      1.0000E+00      1.0000E+00      1.0000E+00      1.0000E+00      1.0000E+00      8.9996E+01      9.0002E+01      1.0000E+00
      1.0001E+00      1.0001E+00      1.0000E+00      1.0001E+00      1.0000E+00      8.9987E+01      9.0008E+01      1.0000E+00
      1.0004E+00      1.0002E+00      1.0000E+00      1.0004E+00      1.0001E+00      8.9963E+01      9.0023E+01      1.0000E+00
      1.0009E+00      1.0005E+00      1.0000E+00      1.0010E+00      1.0004E+00      8.9921E+01      9.0054E+01      1.0000E+00
      1.0017E+00      1.0010E+00      1.0000E+00      1.0019E+00      1.0010E+00      8.9873E+01      9.0099E+01      1.0000E+00
      1.0025E+00      1.0017E+00      1.0000E+00      1.0030E+00      1.0019E+00      8.9850E+01      9.0139E+01      1.0000E+00
      1.0032E+00      1.0023E+00      1.0000E+00      1.0044E+00      1.0025E+00      8.9887E+01      9.0140E+01      1.0000E+00
      1.0036E+00      1.0025E+00      1.0000E+00      1.0054E+00      1.0029E+00      8.9942E+01      9.0080E+01      1.0000E+00
      1.0036E+00      1.0025E+00      1.0000E+00      1.0054E+00      1.0029E+00      8.9942E+01      9.0080E+01      1.0000E+00
      1.0032E+00      1.0023E+00      1.0000E+00      1.0044E+00      1.0025E+00      8.9887E+01      9.0140E+01      1.0000E+00
      1.0025E+00      1.0017E+00      1.0000E+00      1.0030E+00      1.0019E+00      8.9850E+01      9.0139E+01      1.0000E+00
      1.0017E+00      1.0010E+00      1.0000E+00      1.0019E+00      1.0010E+00      8.9873E+01      9.0099E+01      1.0000E+00
      1.0009E+00      1.0005E+00      1.0000E+00      1.0010E+00      1.0004E+00      8.9921E+01      9.0054E+01      1.0000E+00
      1.0004E+00      1.0002E+00      1.0000E+00      1.0004E+00      1.0001E+00      8.9963E+01      9.0023E+01      1.0000E+00
      1.0001E+00      1.0001E+00      1.0000E+00      1.0001E+00      1.0000E+00      8.9987E+01      9.0008E+01      1.0000E+00
      1.0000E+00      1.0000E+00      1.0000E+00      1.0000E+00      1.0000E+00      8.9996E+01      9.0002E+01      1.0000E+00
      1.0001E+00      1.0001E+00      1.0000E+00      1.0001E+00      1.0000E+00      8.9991E+01      9.0006E+01      1.0000E+00
      1.0003E+00      1.0001E+00      1.0000E+00      1.0002E+00      1.0002E+00      8.9971E+01      9.0020E+01      1.0000E+00
      1.0009E+00      1.0003E+00      1.0000E+00      1.0005E+00      1.0005E+00      8.9923E+01      9.0055E+01      1.0000E+00
      1.0017E+00      1.0004E+00      1.0000E+00      1.0009E+00      1.0010E+00      8.9846E+01      9.0113E+01      1.0000E+00
      1.0026E+00      1.0010E+00      1.0000E+00      1.0018E+00      1.0018E+00      8.9773E+01      9.0189E+01      1.0000E+00
      1.0030E+00      1.0018E+00      1.0000E+00      1.0031E+00      1.0024E+00      8.9757E+01      9.0241E+01      1.0000E+00
      1.0028E+00      1.0027E+00      1.0000E+00      1.0053E+00      1.0020E+00      8.9824E+01      9.0221E+01      1.0000E+00
      1.0025E+00      1.0031E+00      1.0000E+00      1.0067E+00      1.0017E+00      8.9903E+01      9.0114E+01      1.0000E+00
      1.0025E+00      1.0031E+00      1.0000E+00      1.0067E+00      1.0017E+00      8.9903E+01      9.0114E+01      1.0000E+00
      1.0028E+00      1.0027E+00      1.0000E+00      1.0053E+00      1.0020E+00      8.9824E+01      9.0221E+01      1.0000E+00
      1.0030E+00      1.0018E+00      1.0000E+00      1.0031E+00      1.0024E+00      8.9757E+01      9.0241E+01      1.0000E+00
      1.0026E+00      1.0010E+00      1.0000E+00      1.0018E+00      1.0018E+00      8.9773E+01      9.0189E+01      1.0000E+00
      1.0017E+00      1.0004E+00      1.0000E+00      1.0009E+00      1.0010E+00      8.9846E+01      9.0113E+01      1.0000E+00
      1.0009E+00      1.0003E+00      1.0000E+00      1.0005E+00      1.0005E+00      8.9923E+01      9.0055E+01      1.0000E+00
      1.0003E+00      1.0001E+00      1.0000E+00      1.0002E+00      1.0002E+00      8.9971E+01      9.0020E+01      1.0000E+00
      1.0001E+00      1.0001E+00      1.0000E+00      1.0001E+00      1.0000E+00      8.9991E+01      9.0006E+01      1.0000E+00
      1.0002E+00      1.0001E+00      1.0000E+00      1.0002E+00      1.0001E+00      8.9980E+01      9.0013E+01      1.0000E+00
      1.0007E+00      1.0003E+00      1.0000E+00      1.0006E+00      1.0004E+00      8.9938E+01      9.0046E+01      1.0000E+00
      1.0019E+00      1.0007E+00      1.0000E+00      1.0013E+00      1.0011E+00      8.9838E+01      9.0125E+01      1.0000E+00
      1.0035E+00      1.0011E+00      1.0000E+00      1.0017E+00      1.0022E+00      8.9694E+01      9.0253E+01      1.0000E+00
      1.0039E+00      1.0005E+00      1.0000E+00      1.0013E+00      1.0031E+00      8.9618E+01      9.0354E+01      1.0000E+00
      1.0021E+00      1.0015E+00      1.0000E+00      1.0031E+00      1.0015E+00      8.9631E+01      9.0348E+01      1.0000E+00
      9.9951E-01      1.0024E+00      1.0000E+00      1.0054E+00      9.9818E-01      8.9703E+01      9.0262E+01      1.0000E+00
      9.9834E-01      1.0023E+00      1.0000E+00      1.0053E+00      9.9752E-01      8.9881E+01      9.0106E+01      1.0000E+00
      9.9834E-01      1.0023E+00      1.0000E+00      1.0053E+00      9.9752E-01      8.9881E+01      9.0106E+01      1.0000E+00
      9.9951E-01      1.0024E+00      1.0000E+00      1.0054E+00      9.9818E-01      8.9703E+01      9.0262E+01      1.0000E+00
      1.0021E+00      1.0015E+00      1.0000E+00      1.0031E+00      1.0015E+00      8.9631E+01      9.0348E+01      1.0000E+00
      1.0039E+00      1.0005E+00      1.0000E+00      1.0013E+00      1.0031E+00      8.9618E+01      9.0354E+01      1.0000E+00
      1.0035E+00      1.0011E+00      1.0000E+00      1.0017E+00      1.0022E+00      8.9694E+01      9.0253E+01      1.0000E+00
      1.0019E+00      1.0007E+00      1.0000E+00      1.0013E+00      1.0011E+00      8.9838E+01      9.0125E+01      1.0000E+00
      1.0007E+00      1.0003E+00      1.0000E+00      1.0006E+00      1.0004E+00      8.9938E+01      9.0046E+01      1.0000E+00
      1.0002E+00      1.0001E+00      1.0000E+00      1.0002E+00      1.0001E+00      8.9980E+01      9.0013E+01      1.0000E+00
      1.0005E+00      1.0003E+00      1.0000E+00      1.0006E+00      1.0002E+00      8.9960E+01      9.0029E+01      1.0000E+00
      1.0015E+00      1.0007E+00      1.0000E+00      1.0013E+00      1.0009E+00      8.9879E+01      9.0093E+01      1.0000E+00
      1.0040E+00      1.0017E+00      1.0000E+00      1.0030E+00      1.0024E+00      8.9682E+01      9.0251E+01      1.0000E+00
      1.0077E+00      1.0032E+00      1.0001E+00      1.0051E+00      1.0046E+00      8.9353E+01      9.0542E+01      1.0000E+00
      1.0079E+00      1.0026E+00      1.0001E+00      1.0043E+00      1.0056E+00      8.9224E+01      9.0798E+01      1.0000E+00
      9.9796E-01      1.0044E+00      1.0001E+00      1.0080E+00      9.9326E-01      8.9236E+01      9.0543E+01      1.0000E+00
      9.8792E-01      1.0039E+00      1.0001E+00      1.0097E+00      9.8138E-01      8.9494E+01      9.0252E+01      1.0000E+00
      9.8955E-01      1.0023E+00      1.0000E+00      1.0045E+00      9.8888E-01      8.9948E+01      9.0026E+01      1.0000E+00
      9.8955E-01      1.0023E+00      1.0000E+00      1.0045E+00      9.8888E-01      8.9948E+01      9.0026E+01      1.0000E+00
      9.8792E-01      1.0039E+00      1.0001E+00      1.0097E+00      9.8138E-01      8.9494E+01      9.0252E+01      1.0000E+00
      9.9796E-01      1.0044E+00      1.0001E+00      1.0080E+00      9.9326E-01      8.9236E+01      9.0543E+01      1.0000E+00
      1.0079E+00      1.0026E+00      1.0001E+00      1.0043E+00      1.0056E+00      8.9224E+01      9.0798E+01      1.0000E+00
      1.0077E+00      1.0032E+00      1.0001E+00      1.0051E+00      1.0046E+00      8.9353E+01      9.0542E+01      1.0000E+00
      1.0040E+00      1.0017E+00      1.0000E+00      1.0030E+00      1.0024E+00      8.9682E+01      9.0251E+01      1.0000E+00
      1.0015E+00      1.0007E+00      1.0000E+00      1.0013E+00      1.0009E+00      8.9879E+01      9.0093E+01      1.0000E+00
      1.0005E+00      1.0003E+00      1.0000E+00      1.0006E+00      1.0002E+00      8.9960E+01      9.0029E+01      1.0000E+00
      1.0010E+00      1.0006E+00      1.0000E+00      1.0011E+00      1.0006E+00      8.9928E+01      9.0055E+01      1.0000E+00
      1.0028E+00      1.0015E+00      1.0000E+00      1.0026E+00      1.0018E+00      8.9785E+01      9.0173E+01      1.0000E+00
      1.0073E+00      1.0034E+00      1.0001E+00      1.0060E+00      1.0047E+00      8.9453E+01      9.0447E+01      1.0000E+00
      1.0153E+00      1.0067E+00      1.0002E+00      1.0115E+00      1.0098E+00      8.8835E+01      9.0948E+01      1.0000E+00
      1.0265E+00      1.0130E+00      1.0009E+00      1.0194E+00      1.0132E+00      8.7688E+01      9.1928E+01      1.0000E+00
      9.9998E-01      1.0142E+00      1.0006E+00      1.0219E+00      9.8735E-01      8.8404E+01      9.1797E+01      1.0000E+00
      9.3613E-01      1.0261E+00      1.0029E+00      1.0732E+00      8.9212E-01      8.8073E+01      9.3526E+01      1.0000E+00
      9.3613E-01      1.0261E+00      1.0029E+00      1.0732E+00      8.9212E-01      8.8073E+01      9.3526E+01      1.0000E+00
      9.9998E-01      1.0142E+00      1.0006E+00      1.0219E+00      9.8735E-01      8.8404E+01      9.1797E+01      1.0000E+00
      1.0265E+00      1.0130E+00      1.0009E+00      1.0194E+00      1.0132E+00      8.7688E+01      9.1928E+01      1.0000E+00
      1.0153E+00      1.0067E+00      1.0002E+00      1.0115E+00      1.0098E+00      8.8835E+01      9.0948E+01      1.0000E+00
      1.0073E+00      1.0034E+00      1.0001E+00      1.0060E+00      1.0047E+00      8.9453E+01      9.0447E+01      1.0000E+00
      1.0028E+00      1.0015E+00      1.0000E+00      1.0026E+00      1.0018E+00      8.9785E+01      9.0173E+01      1.0000E+00
      1.0010E+00      1.0006E+00      1.0000E+00      1.0011E+00      1.0006E+00      8.9928E+01      9.0055E+01      1.0000E+00
      1.0017E+00      1.0012E+00      1.0000E+00      1.0020E+00      1.0011E+00      8.9891E+01      9.0091E+01      1.0000E+00
      1.0048E+00      1.0029E+00      1.0000E+00      1.0049E+00      1.0032E+00      8.9668E+01      9.0286E+01      1.0000E+00
      1.0120E+00      1.0067E+00      1.0002E+00      1.0115E+00      1.0082E+00      8.9141E+01      9.0744E+01      1.0000E+00
      1.0234E+00      1.0109E+00      1.0005E+00      1.0192E+00      1.0174E+00      8.8369E+01      9.1413E+01      1.0000E+00
      1.0468E+00      1.0152E+00      1.0014E+00      1.0307E+00      1.0332E+00      8.7052E+01      9.2295E+01      1.0000E+00
      1.1556E+00      1.0994E+00      1.0290E+00      1.1766E+00      1.0212E+00      7.6549E+01      9.8937E+01      1.0000E+00
      7.5552E-01      1.3366E+00      1.2195E+00      1.5916E+00      4.7897E-01      6.8536E+01      1.2411E+02      1.0000E+00
      7.5552E-01      1.3366E+00      1.2195E+00      1.5916E+00      4.7897E-01      6.8536E+01      1.2411E+02      1.0000E+00
      1.1556E+00      1.0994E+00      1.0290E+00      1.1766E+00      1.0212E+00      7.6549E+01      9.8937E+01      1.0000E+00
      1.0468E+00      1.0152E+00      1.0014E+00      1.0307E+00      1.0332E+00      8.7052E+01      9.2295E+01      1.0000E+00
      1.0234E+00      1.0109E+00      1.0005E+00      1.0192E+00      1.0174E+00      8.8369E+01      9.1413E+01      1.0000E+00
      1.0120E+00      1.0067E+00      1.0002E+00      1.0115E+00      1.0082E+00      8.9141E+01      9.0744E+01      1.0000E+00
      1.0048E+00      1.0029E+00      1.0000E+00      1.0049E+00      1.0032E+00      8.9668E+01      9.0286E+01      1.0000E+00
      1.0017E+00      1.0012E+00      1.0000E+00      1.0020E+00      1.0011E+00      8.9891E+01      9.0091E+01      1.0000E+00
      1.0027E+00      1.0018E+00      1.0000E+00      1.0032E+00      1.0020E+00      8.9870E+01      9.0121E+01      1.0000E+00
      1.0071E+00      1.0047E+00      1.0001E+00      1.0081E+00      1.0054E+00      8.9588E+01      9.0385E+01      1.0000E+00
      1.0181E+00      1.0118E+00      1.0004E+00      1.0201E+00      1.0132E+00      8.8854E+01      9.1058E+01      1.0000E+00
      1.0366E+00      1.0240E+00      1.0017E+00      1.0397E+00      1.0246E+00      8.7281E+01      9.2479E+01      1.0000E+00
      1.0308E+00      1.0232E+00      1.0020E+00      1.0437E+00      1.0172E+00      8.6858E+01      9.2479E+01      1.0000E+00
      1.0585E+00      1.1472E+00      1.0235E+00      1.2832E+00      9.0507E-01      7.9533E+01      9.8013E+01      1.0000E+00
      1.0585E+00      1.1472E+00      1.0235E+00      1.2832E+00      9.0507E-01      7.9533E+01      9.8013E+01      1.0000E+00
      1.0308E+00      1.0232E+00      1.0020E+00      1.0437E+00      1.0172E+00      8.6858E+01      9.2479E+01      1.0000E+00
      1.0366E+00      1.0240E+00      1.0017E+00      1.0397E+00      1.0246E+00      8.7281E+01      9.2479E+01      1.0000E+00
      1.0181E+00      1.0118E+00      1.0004E+00      1.0201E+00      1.0132E+00      8.8854E+01      9.1058E+01      1.0000E+00
      1.0071E+00      1.0047E+00      1.0001E+00      1.0081E+00      1.0054E+00      8.9588E+01      9.0385E+01      1.0000E+00
      1.0027E+00      1.0018E+00      1.0000E+00      1.0032E+00      1.0020E+00      8.9870E+01      9.0121E+01      1.0000E+00
      1.0035E+00      1.0024E+00      1.0000E+00      1.0043E+00      1.0030E+00      8.9892E+01      9.0120E+01      1.0000E+00
      1.0092E+00      1.0063E+00      1.0001E+00      1.0115E+00      1.0076E+00      8.9643E+01      9.0380E+01      1.0000E+00
      1.0235E+00      1.0164E+00      1.0006E+00      1.0292E+00      1.0196E+00      8.8956E+01      9.1072E+01      1.0000E+00
      1.0516E+00      1.0362E+00      1.0029E+00      1.0630E+00      1.0407E+00      8.7225E+01      9.2661E+01      1.0000E+00
      1.1316E+00      1.1303E+00      1.0354E+00      1.1912E+00      1.0239E+00      7.6328E+01      1.0143E+02      1.0000E+00
      6.6097E-01      1.3511E+00      1.2114E+00      1.6973E+00      3.8254E-01      7.3292E+01      1.2346E+02      1.0000E+00
      6.6097E-01      1.3511E+00      1.2114E+00      1.6973E+00      3.8254E-01      7.3292E+01      1.2346E+02      1.0000E+00
      1.1316E+00      1.1303E+00      1.0354E+00      1.1912E+00      1.0239E+00      7.6328E+01      1.0143E+02      1.0000E+00
      1.0516E+00      1.0362E+00      1.0029E+00      1.0630E+00      1.0407E+00      8.7225E+01      9.2661E+01      1.0000E+00
      1.0235E+00      1.0164E+00      1.0006E+00      1.0292E+00      1.0196E+00      8.8956E+01      9.1072E+01      1.0000E+00
      1.0092E+00      1.0063E+00      1.0001E+00      1.0115E+00      1.0076E+00      8.9643E+01      9.0380E+01      1.0000E+00
      1.0035E+00      1.0024E+00      1.0000E+00      1.0043E+00      1.0030E+00      8.9892E+01      9.0120E+01      1.0000E+00
      1.0040E+00      1.0025E+00      1.0000E+00      1.0050E+00      1.0036E+00      8.9947E+01      9.0072E+01      1.0000E+00
      1.0101E+00      1.0068E+00      1.0001E+00      1.0138E+00      1.0090E+00      8.9831E+01      9.0220E+01      1.0000E+00
      1.0254E+00      1.0176E+00      1.0006E+00      1.0359E+00      1.0225E+00      8.9515E+01      9.0611E+01      1.0000E+00
      1.0519E+00      1.0377E+00      1.0031E+00      1.0793E+00      1.0461E+00      8.8784E+01      9.1323E+01      1.0000E+00
      1.0752E+00      1.1562E+00      1.0312E+00      1.2490E+00      9.7617E-01      8.3607E+01      9.8300E+01      1.0000E+00
      1.0752E+00      1.1562E+00      1.0312E+00      1.2490E+00      9.7617E-01      8.3607E+01      9.8300E+01      1.0000E+00
      1.0519E+00      1.0377E+00      1.0031E+00      1.0793E+00      1.0461E+00      8.8784E+01      9.1323E+01      1.0000E+00
      1.0254E+00      1.0176E+00      1.0006E+00      1.0359E+00      1.0225E+00      8.9515E+01      9.0611E+01      1.0000E+00
      1.0101E+00      1.0068E+00      1.0001E+00      1.0138E+00      1.0090E+00      8.9831E+01      9.0220E+01      1.0000E+00
      1.0040E+00      1.0025E+00      1.0000E+00      1.0050E+00      1.0036E+00      8.9947E+01      9.0072E+01      1.0000E+00
      1.0039E+00      1.0025E+00      1.0000E+00      1.0051E+00      1.0034E+00      8.9979E+01      9.0041E+01      1.0000E+00
      1.0097E+00      1.0070E+00      1.0001E+00      1.0141E+00      1.0081E+00      8.9954E+01      9.0129E+01      1.0000E+00
      1.0237E+00      1.0184E+00      1.0007E+00      1.0370E+00      1.0194E+00      8.9865E+01      9.0374E+01      1.0000E+00
      1.0464E+00      1.0404E+00      1.0032E+00      1.0829E+00      1.0361E+00      8.9554E+01      9.0945E+01      1.0000E+00
      1.0577E+00      1.1404E+00      1.0277E+00      1.2313E+00      9.6906E-01      8.3826E+01      9.8311E+01      1.0000E+00
      1.0577E+00      1.1404E+00      1.0277E+00      1.2313E+00      9.6906E-01      8.3826E+01      9.8311E+01      1.0000E+00
      1.0464E+00      1.0404E+00      1.0032E+00      1.0829E+00      1.0361E+00      8.9554E+01      9.0945E+01      1.0000E+00
      1.0237E+00      1.0184E+00      1.0007E+00      1.0370E+00      1.0194E+00      8.9865E+01      9.0374E+01      1.0000E+00
      1.0097E+00      1.0070E+00      1.0001E+00      1.0141E+00      1.0081E+00      8.9954E+01      9.0129E+01      1.0000E+00
      1.0039E+00      1.0025E+00      1.0000E+00      1.0051E+00      1.0034E+00      8.9979E+01      9.0041E+01      1.0000E+00
      1.0033E+00      1.0023E+00      1.0000E+00      1.0043E+00      1.0026E+00      8.9925E+01      9.0095E+01      1.0000E+00
      1.0080E+00      1.0064E+00      1.0001E+00      1.0117E+00      1.0060E+00      8.9744E+01      9.0309E+01      1.0000E+00
      1.0191E+00      1.0165E+00      1.0005E+00      1.0297E+00      1.0136E+00      8.9239E+01      9.0894E+01      1.0000E+00
      1.0380E+00      1.0361E+00      1.0025E+00      1.0616E+00      1.0248E+00      8.7838E+01      9.2344E+01      1.0000E+00
      1.0943E+00      1.1231E+00      1.0293E+00      1.1752E+00      1.0010E+00      7.7997E+01      1.0060E+02      1.0000E+00
      6.6820E-01      1.3227E+00      1.4180E+00      1.5648E+00      3.2334E-01      7.3141E+01      1.3511E+02      1.0000E+00
      6.6820E-01      1.3227E+00      1.4180E+00      1.5648E+00      3.2334E-01      7.3141E+01      1.3511E+02      1.0000E+00
      1.0943E+00      1.1231E+00      1.0293E+00      1.1752E+00      1.0010E+00      7.7997E+01      1.0060E+02      1.0000E+00
      1.0380E+00      1.0361E+00      1.0025E+00      1.0616E+00      1.0248E+00      8.7838E+01      9.2344E+01      1.0000E+00
      1.0191E+00      1.0165E+00      1.0005E+00      1.0297E+00      1.0136E+00      8.9239E+01      9.0894E+01      1.0000E+00
      1.0080E+00      1.0064E+00      1.0001E+00      1.0117E+00      1.0060E+00      8.9744E+01      9.0309E+01      1.0000E+00
      1.0033E+00      1.0023E+00      1.0000E+00      1.0043E+00      1.0026E+00      8.9925E+01      9.0095E+01      1.0000E+00
      1.0023E+00      1.0018E+00      1.0000E+00      1.0029E+00      1.0017E+00      8.9898E+01      9.0102E+01      1.0000E+00
      1.0057E+00      1.0045E+00      1.0000E+00      1.0074E+00      1.0040E+00      8.9675E+01      9.0330E+01      1.0000E+00
      1.0126E+00      1.0110E+00      1.0003E+00      1.0176E+00      1.0081E+00      8.9095E+01      9.0927E+01      1.0000E+00
      1.0201E+00      1.0221E+00      1.0013E+00      1.0331E+00      1.0086E+00      8.7738E+01      9.2337E+01      1.0000E+00
      9.9311E-01      1.0118E+00      1.0020E+00      1.0312E+00      9.8001E-01      8.7023E+01      9.3223E+01      1.0000E+00
      9.7948E-01      1.0205E+00      1.0086E+00      1.0306E+00      9.5334E-01      8.2516E+01      9.6001E+01      1.0000E+00
      6.7090E-01      1.3257E+00      1.4243E+00      1.5704E+00      3.2405E-01      7.2717E+01      1.3535E+02      1.0000E+00
      6.7090E-01      1.3257E+00      1.4243E+00      1.5704E+00      3.2405E-01      7.2717E+01      1.3535E+02      1.0000E+00
      9.7948E-01      1.0205E+00      1.0086E+00      1.0306E+00      9.5334E-01      8.2516E+01      9.6001E+01      1.0000E+00
      9.9311E-01      1.0118E+00      1.0020E+00      1.0312E+00      9.8001E-01      8.7023E+01      9.3223E+01      1.0000E+00
      1.0201E+00      1.0221E+00      1.0013E+00      1.0331E+00      1.0086E+00      8.7738E+01      9.2337E+01      1.0000E+00
      1.0126E+00      1.0110E+00      1.0003E+00      1.0176E+00      1.0081E+00      8.9095E+01      9.0927E+01      1.0000E+00
      1.0057E+00      1.0045E+00      1.0000E+00      1.0074E+00      1.0040E+00      8.9675E+01      9.0330E+01      1.0000E+00
      1.0023E+00      1.0018E+00      1.0000E+00      1.0029E+00      1.0017E+00      8.9898E+01      9.0102E+01      1.0000E+00
      1.0014E+00      1.0010E+00      1.0000E+00      1.0017E+00      1.0008E+00      8.9914E+01      9.0075E+01      1.0000E+00
      1.0033E+00      1.0024E+00      1.0000E+00      1.0039E+00      1.0020E+00      8.9742E+01      9.0237E+01      1.0000E+00
      1.0068E+00      1.0051E+00      1.0001E+00      1.0080E+00      1.0040E+00      8.9351E+01      9.0616E+01      1.0000E+00
      1.0084E+00      1.0064E+00      1.0003E+00      1.0093E+00      1.0052E+00      8.8808E+01      9.1194E+01      1.0000E+00
      1.0052E+00      1.0021E+00      1.0006E+00      1.0032E+00      1.0025E+00      8.8015E+01      9.1832E+01      1.0000E+00
      9.9426E-01      1.0110E+00      1.0019E+00      1.0297E+00      9.8096E-01      8.7052E+01      9.3206E+01      1.0000E+00
      1.0994E+00      1.1204E+00      1.0282E+00      1.1699E+00      1.0056E+00      7.8158E+01      1.0046E+02      1.0000E+00
      1.0744E+00      1.1309E+00      1.0230E+00      1.1960E+00      9.9217E-01      8.3314E+01      9.7808E+01      1.0000E+00
      1.0744E+00      1.1309E+00      1.0230E+00      1.1960E+00      9.9217E-01      8.3314E+01      9.7808E+01      1.0000E+00
      1.0994E+00      1.1204E+00      1.0282E+00      1.1699E+00      1.0056E+00      7.8158E+01      1.0046E+02      1.0000E+00
      9.9426E-01      1.0110E+00      1.0019E+00      1.0297E+00      9.8096E-01      8.7052E+01      9.3206E+01      1.0000E+00
      1.0052E+00      1.0021E+00      1.0006E+00      1.0032E+00      1.0025E+00      8.8015E+01      9.1832E+01      1.0000E+00
      1.0084E+00      1.0064E+00      1.0003E+00      1.0093E+00      1.0052E+00      8.8808E+01      9.1194E+01      1.0000E+00
      1.0068E+00      1.0051E+00      1.0001E+00      1.0080E+00      1.0040E+00      8.9351E+01      9.0616E+01      1.0000E+00
      1.0033E+00      1.0024E+00      1.0000E+00      1.0039E+00      1.0020E+00      8.9742E+01      9.0237E+01      1.0000E+00
      1.0014E+00      1.0010E+00      1.0000E+00      1.0017E+00      1.0008E+00      8.9914E+01      9.0075E+01      1.0000E+00
      1.0007E+00      1.0005E+00      1.0000E+00      1.0008E+00      1.0003E+00      8.9947E+01      9.0041E+01      1.0000E+00
      1.0017E+00      1.0010E+00      1.0000E+00      1.0016E+00      1.0009E+00      8.9850E+01      9.0126E+01      1.0000E+00
      1.0034E+00      1.0017E+00      1.0000E+00      1.0028E+00      1.0019E+00      8.9643E+01      9.0302E+01      1.0000E+00
      1.0056E+00      1.0013E+00      1.0001E+00      1.0025E+00      1.0032E+00      8.9295E+01      9.0568E+01      1.0000E+00
      1.0086E+00      1.0062E+00      1.0003E+00      1.0090E+00      1.0054E+00      8.8805E+01      9.1189E+01      1.0000E+00
      1.0211E+00      1.0214E+00      1.0013E+00      1.0313E+00      1.0100E+00      8.7728E+01      9.2313E+01      1.0000E+00
      1.0405E+00      1.0333E+00      1.0022E+00      1.0553E+00      1.0294E+00      8.7767E+01      9.2259E+01      1.0000E+00
      1.0490E+00      1.0342E+00      1.0023E+00      1.0687E+00      1.0435E+00      8.9427E+01      9.0867E+01      1.0000E+00
      1.0490E+00      1.0342E+00      1.0023E+00      1.0687E+00      1.0435E+00      8.9427E+01      9.0867E+01      1.0000E+00
      1.0405E+00      1.0333E+00      1.0022E+00      1.0553E+00      1.0294E+00      8.7767E+01      9.2259E+01      1.0000E+00
      1.0211E+00      1.0214E+00      1.0013E+00      1.0313E+00      1.0100E+00      8.7728E+01      9.2313E+01      1.0000E+00
      1.0086E+00      1.0062E+00      1.0003E+00      1.0090E+00      1.0054E+00      8.8805E+01      9.1189E+01      1.0000E+00
      1.0056E+00      1.0013E+00      1.0001E+00      1.0025E+00      1.0032E+00      8.9295E+01      9.0568E+01      1.0000E+00
      1.0034E+00      1.0017E+00      1.0000E+00      1.0028E+00      1.0019E+00      8.9643E+01      9.0302E+01      1.0000E+00
      1.0017E+00      1.0010E+00      1.0000E+00      1.0016E+00      1.0009E+00      8.9850E+01      9.0126E+01      1.0000E+00
      1.0007E+00      1.0005E+00      1.0000E+00      1.0008E+00      1.0003E+00      8.9947E+01      9.0041E+01      1.0000E+00
      1.0003E+00      1.0002E+00      1.0000E+00      1.0003E+00      1.0001E+00      8.9975E+01      9.0018E+01      1.0000E+00
      1.0007E+00      1.0003E+00      1.0000E+00      1.0005E+00      1.0003E+00      8.9929E+01      9.0052E+01      1.0000E+00
      1.0017E+00      1.0005E+00      1.0000E+00      1.0009E+00      1.0009E+00      8.9827E+01      9.0125E+01      1.0000E+00
      1.0035E+00      1.0018E+00      1.0000E+00      1.0029E+00      1.0019E+00      8.9639E+01      9.0302E+01      1.0000E+00
      1.0072E+00      1.0052E+00      1.0001E+00      1.0082E+00      1.0042E+00      8.9340E+01      9.0615E+01      1.0000E+00
      1.0134E+00      1.0108E+00      1.0003E+00      1.0173E+00      1.0090E+00      8.9068E+01      9.0922E+01      1.0000E+00
      1.0204E+00      1.0156E+00      1.0005E+00      1.0275E+00      1.0157E+00      8.9170E+01      9.0890E+01      1.0000E+00
      1.0246E+00      1.0168E+00      1.0005E+00      1.0333E+00      1.0217E+00      8.9726E+01      9.0417E+01      1.0000E+00
      1.0246E+00      1.0168E+00      1.0005E+00      1.0333E+00      1.0217E+00      8.9726E+01      9.0417E+01      1.0000E+00
      1.0204E+00      1.0156E+00      1.0005E+00      1.0275E+00      1.0157E+00      8.9170E+01      9.0890E+01      1.0000E+00
      1.0134E+00      1.0108E+00      1.0003E+00      1.0173E+00      1.0090E+00      8.9068E+01      9.0922E+01      1.0000E+00
      1.0072E+00      1.0052E+00      1.0001E+00      1.0082E+00      1.0042E+00      8.9340E+01      9.0615E+01      1.0000E+00
      1.0035E+00      1.0018E+00      1.0000E+00      1.0029E+00      1.0019E+00      8.9639E+01      9.0302E+01      1.0000E+00
      1.0017E+00      1.0005E+00      1.0000E+00      1.0009E+00      1.0009E+00      8.9827E+01      9.0125E+01      1.0000E+00
      1.0007E+00      1.0003E+00      1.0000E+00      1.0005E+00      1.0003E+00      8.9929E+01      9.0052E+01      1.0000E+00
      1.0003E+00      1.0002E+00      1.0000E+00      1.0003E+00      1.0001E+00      8.9975E+01      9.0018E+01      1.0000E+00
      1.0001E+00      1.0001E+00      1.0000E+00      1.0001E+00      1.0000E+00      8.9990E+01      9.0006E+01      1.0000E+00
      1.0003E+00      1.0002E+00      1.0000E+00      1.0003E+00      1.0001E+00      8.9970E+01      9.0018E+01      1.0000E+00
      1.0008E+00      1.0005E+00      1.0000E+00      1.0009E+00      1.0003E+00      8.9924E+01      9.0053E+01      1.0000E+00
      1.0020E+00      1.0014E+00      1.0000E+00      1.0024E+00      1.0009E+00      8.9838E+01      9.0127E+01      1.0000E+00
      1.0042E+00      1.0032E+00      1.0000E+00      1.0053E+00      1.0024E+00      8.9723E+01      9.0241E+01      1.0000E+00
      1.0075E+00      1.0056E+00      1.0001E+00      1.0094E+00      1.0053E+00      8.9648E+01      9.0341E+01      1.0000E+00
      1.0108E+00      1.0076E+00      1.0001E+00      1.0137E+00      1.0087E+00      8.9707E+01      9.0331E+01      1.0000E+00
      1.0130E+00      1.0080E+00      1.0001E+00      1.0160E+00      1.0115E+00      8.9915E+01      9.0168E+01      1.0000E+00
      1.0130E+00      1.0080E+00      1.0001E+00      1.0160E+00      1.0115E+00      8.9915E+01      9.0168E+01      1.0000E+00
      1.0108E+00      1.0076E+00      1.0001E+00      1.0137E+00      1.0087E+00      8.9707E+01      9.0331E+01      1.0000E+00
      1.0075E+00      1.0056E+00      1.0001E+00      1.0094E+00      1.0053E+00      8.9648E+01      9.0341E+01      1.0000E+00
      1.0042E+00      1.0032E+00      1.0000E+00      1.0053E+00      1.0024E+00      8.9723E+01      9.0241E+01      1.0000E+00
      1.0020E+00      1.0014E+00      1.0000E+00      1.0024E+00      1.0009E+00      8.9838E+01      9.0127E+01      1.0000E+00
      1.0008E+00      1.0005E+00      1.0000E+00      1.0009E+00      1.0003E+00      8.9924E+01      9.0053E+01      1.0000E+00
      1.0003E+00      1.0002E+00      1.0000E+00      1.0003E+00      1.0001E+00      8.9970E+01      9.0018E+01      1.0000E+00
      1.0001E+00      1.0001E+00      1.0000E+00      1.0001E+00      1.0000E+00      8.9990E+01      9.0006E+01      1.0000E+00
      9.9345E-01      1.0303E+00      1.0018E+00      1.0621E+00      9.6335E-01      8.8258E+01      9.1728E+01      1.0000E+00
      9.9345E-01      1.0303E+00      1.0018E+00      1.0621E+00      9.6335E-01      8.8258E+01      9.1728E+01      1.0000E+00
      7.6406E-01      1.4936E+00      1.2993E+00      1.8874E+00      3.6259E-01      6.5177E+01      1.2952E+02      1.0000E+00
      5.9460E-01      1.4327E+00      1.1525E+00      1.7047E+00      4.0216E-01      6.4189E+01      1.0638E+02      1.0000E+00
      8.6554E-01      1.1646E+00      1.0566E+00      1.3338E+00      6.6666E-01      7.1193E+01      9.7610E+01      1.0000E+00
      5.0116E-01      1.2054E+00      1.1575E+00      1.3566E+00      3.3566E-01      7.7030E+01      1.2022E+02      1.0000E+00
      5.2700E-01      1.4977E+00      1.2088E+00      1.6949E+00      3.8243E-01      6.1883E+01      1.1632E+02      1.0000E+00
      5.8636E-01      1.4336E+00      1.6527E+00      2.9335E+00      2.6810E-01      6.4889E+01      1.1879E+02      1.0000E+00
      6.4478E-01      1.2058E+00      1.2008E+00      1.7133E+00      4.7280E-01      6.9686E+01      1.0967E+02      1.0000E+00
      3.6347E-01      1.6092E+00      1.2919E+00      2.0948E+00      2.0603E-01      5.5350E+01      1.1055E+02      1.0000E+00
      3.5721E-01      1.2556E+00      1.1504E+00      1.4483E+00      2.8666E-01      6.2329E+01      1.1536E+02      1.0000E+00
      3.5735E-01      1.2550E+00      1.1495E+00      1.4497E+00      2.8649E-01      6.2412E+01      1.1523E+02      1.0000E+00
      3.6448E-01      1.6062E+00      1.2906E+00      2.0938E+00      2.0608E-01      5.5192E+01      1.1037E+02      1.0000E+00
      6.6198E-01      1.2248E+00      1.1973E+00      1.7642E+00      4.7836E-01      7.0618E+01      1.0923E+02      1.0000E+00
      6.6198E-01      1.2248E+00      1.1973E+00      1.7642E+00      4.7836E-01      7.0618E+01      1.0923E+02      1.0000E+00
      3.6448E-01      1.6062E+00      1.2906E+00      2.0938E+00      2.0608E-01      5.5192E+01      1.1037E+02      1.0000E+00
      3.5735E-01      1.2550E+00      1.1495E+00      1.4497E+00      2.8649E-01      6.2412E+01      1.1523E+02      1.0000E+00
      3.5721E-01      1.2556E+00      1.1504E+00      1.4483E+00      2.8666E-01      6.2329E+01      1.1536E+02      1.0000E+00
      3.6347E-01      1.6092E+00      1.2919E+00      2.0948E+00      2.0603E-01      5.5350E+01      1.1055E+02      1.0000E+00
      6.4478E-01      1.2058E+00      1.2008E+00      1.7133E+00      4.7280E-01      6.9686E+01      1.0967E+02      1.0000E+00
      5.8636E-01      1.4336E+00      1.6527E+00      2.9335E+00      2.6810E-01      6.4889E+01      1.1879E+02      1.0000E+00
      5.2700E-01      1.4977E+00      1.2088E+00      1.6949E+00      3.8243E-01      6.1883E+01      1.1632E+02      1.0000E+00
      5.0116E-01      1.2054E+00      1.1575E+00      1.3566E+00      3.3566E-01      7.7030E+01      1.2022E+02      1.0000E+00
      8.6554E-01      1.1646E+00      1.0566E+00      1.3338E+00      6.6666E-01      7.1193E+01      9.7610E+01      1.0000E+00
      5.9460E-01      1.4327E+00      1.1525E+00      1.7047E+00      4.0216E-01      6.4189E+01      1.0638E+02      1.0000E+00
      7.6406E-01      1.4936E+00      1.2993E+00      1.8874E+00      3.6259E-01      6.5177E+01      1.2952E+02      1.0000E+00
