  
 ------------------------
 2D Mesh Quality Measures
 ------------------------
  
Signed Area     Aspect Ratio    Condition       Edge Ratio      Jacobian        Minimum Angle   Maximum Angle   Area Sign       
      7.1136E-01      1.3622E+00      1.2021E+00      1.6498E+00      4.5524E-01      6.8188E+01      1.2253E+02      1.0000E+00
      9.0371E-01      1.0468E+00      1.0079E+00      1.1294E+00      8.5394E-01      8.6778E+01      9.2863E+01      1.0000E+00
      9.9891E-01      1.0425E+00      1.0033E+00      1.0841E+00      9.6953E-01      8.8446E+01      9.1830E+01      1.0000E+00
      9.9891E-01      1.0425E+00      1.0033E+00      1.0841E+00      9.6953E-01      8.8446E+01      9.1830E+01      1.0000E+00
      9.0371E-01      1.0468E+00      1.0079E+00      1.1294E+00      8.5394E-01      8.6778E+01      9.2863E+01      1.0000E+00
      7.1136E-01      1.3622E+00      1.2021E+00      1.6498E+00      4.5524E-01      6.8188E+01      1.2253E+02      1.0000E+00
      6.3450E-01      1.3151E+00      1.2698E+00      1.5998E+00      3.7707E-01      6.9440E+01      1.2711E+02      1.0000E+00
      1.0349E+00      1.1443E+00      1.0318E+00      1.3000E+00      8.7458E-01      7.6742E+01      1.0019E+02      1.0000E+00
      1.1254E+00      1.0967E+00      1.0277E+00      1.1869E+00      9.9283E-01      7.6830E+01      9.8988E+01      1.0000E+00
      9.7737E-01      1.0238E+00      1.0011E+00      1.0384E+00      9.6836E-01      8.8341E+01      9.1699E+01      1.0000E+00
      9.8432E-01      1.0179E+00      1.0006E+00      1.0362E+00      9.7836E-01      8.9680E+01      9.0659E+01      1.0000E+00
      9.8432E-01      1.0179E+00      1.0006E+00      1.0362E+00      9.7836E-01      8.9680E+01      9.0659E+01      1.0000E+00
      9.7737E-01      1.0238E+00      1.0011E+00      1.0384E+00      9.6836E-01      8.8341E+01      9.1699E+01      1.0000E+00
      1.1254E+00      1.0967E+00      1.0277E+00      1.1869E+00      9.9283E-01      7.6830E+01      9.8988E+01      1.0000E+00
      1.0349E+00      1.1443E+00      1.0318E+00      1.3000E+00      8.7458E-01      7.6742E+01      1.0019E+02      1.0000E+00
      6.3450E-01      1.3151E+00      1.2698E+00      1.5998E+00      3.7707E-01      6.9440E+01      1.2711E+02      1.0000E+00
      6.3491E-01      1.3135E+00      1.2701E+00      1.5992E+00      3.7719E-01      6.9504E+01      1.2711E+02      1.0000E+00
      9.8895E-01      1.0228E+00      1.0052E+00      1.0426E+00      9.5206E-01      8.4178E+01      9.3757E+01      1.0000E+00
      9.9036E-01      1.0210E+00      1.0009E+00      1.0427E+00      9.6025E-01      8.7667E+01      9.1229E+01      1.0000E+00
      1.0208E+00      1.0083E+00      1.0009E+00      1.0175E+00      1.0079E+00      8.7576E+01      9.1950E+01      1.0000E+00
      1.0001E+00      1.0120E+00      1.0008E+00      1.0257E+00      9.8204E-01      8.7676E+01      9.1403E+01      1.0000E+00
      9.8850E-01      1.0099E+00      1.0002E+00      1.0204E+00      9.8651E-01      8.9597E+01      9.0320E+01      1.0000E+00
      9.8850E-01      1.0099E+00      1.0002E+00      1.0204E+00      9.8651E-01      8.9597E+01      9.0320E+01      1.0000E+00
      1.0001E+00      1.0120E+00      1.0008E+00      1.0257E+00      9.8204E-01      8.7676E+01      9.1403E+01      1.0000E+00
      1.0208E+00      1.0083E+00      1.0009E+00      1.0175E+00      1.0079E+00      8.7576E+01      9.1950E+01      1.0000E+00
      9.9036E-01      1.0210E+00      1.0009E+00      1.0427E+00      9.6025E-01      8.7667E+01      9.1229E+01      1.0000E+00
      9.8895E-01      1.0228E+00      1.0052E+00      1.0426E+00      9.5206E-01      8.4178E+01      9.3757E+01      1.0000E+00
      6.3491E-01      1.3135E+00      1.2701E+00      1.5992E+00      3.7719E-01      6.9504E+01      1.2711E+02      1.0000E+00
      1.0379E+00      1.1470E+00      1.0317E+00      1.3028E+00      8.7623E-01      7.6723E+01      1.0025E+02      1.0000E+00
      9.9746E-01      1.0281E+00      1.0013E+00      1.0502E+00      9.6376E-01      8.7292E+01      9.1636E+01      1.0000E+00
      1.0282E+00      1.0156E+00      1.0017E+00      1.0239E+00      1.0107E+00      8.6734E+01      9.2643E+01      1.0000E+00
      1.0083E+00      1.0136E+00      1.0009E+00      1.0207E+00      9.9708E-01      8.7739E+01      9.2360E+01      1.0000E+00
      9.4384E-01      1.0266E+00      1.0027E+00      1.0744E+00      8.9626E-01      8.7439E+01      9.3171E+01      1.0000E+00
      9.4384E-01      1.0266E+00      1.0027E+00      1.0744E+00      8.9626E-01      8.7439E+01      9.3171E+01      1.0000E+00
      1.0083E+00      1.0136E+00      1.0009E+00      1.0207E+00      9.9708E-01      8.7739E+01      9.2360E+01      1.0000E+00
      1.0282E+00      1.0156E+00      1.0017E+00      1.0239E+00      1.0107E+00      8.6734E+01      9.2643E+01      1.0000E+00
      9.9746E-01      1.0281E+00      1.0013E+00      1.0502E+00      9.6376E-01      8.7292E+01      9.1636E+01      1.0000E+00
      1.0379E+00      1.1470E+00      1.0317E+00      1.3028E+00      8.7623E-01      7.6723E+01      1.0025E+02      1.0000E+00
      7.1306E-01      1.3614E+00      1.2019E+00      1.6506E+00      4.5597E-01      6.8265E+01      1.2250E+02      1.0000E+00
      1.1353E+00      1.0961E+00      1.0278E+00      1.1787E+00      1.0073E+00      7.6821E+01      9.9197E+01      1.0000E+00
      1.0463E+00      1.0091E+00      1.0014E+00      1.0186E+00      1.0385E+00      8.7416E+01      9.2893E+01      1.0000E+00
      1.0551E+00      1.0158E+00      1.0020E+00      1.0295E+00      1.0419E+00      8.6450E+01      9.2834E+01      1.0000E+00
      1.1622E+00      1.0997E+00      1.0304E+00      1.1756E+00      1.0286E+00      7.6220E+01      9.9351E+01      1.0000E+00
      7.5968E-01      1.3367E+00      1.2159E+00      1.5941E+00      4.8133E-01      6.8807E+01      1.2386E+02      1.0000E+00
      7.5968E-01      1.3367E+00      1.2159E+00      1.5941E+00      4.8133E-01      6.8807E+01      1.2386E+02      1.0000E+00
      1.1622E+00      1.0997E+00      1.0304E+00      1.1756E+00      1.0286E+00      7.6220E+01      9.9351E+01      1.0000E+00
      1.0551E+00      1.0158E+00      1.0020E+00      1.0295E+00      1.0419E+00      8.6450E+01      9.2834E+01      1.0000E+00
      1.0463E+00      1.0091E+00      1.0014E+00      1.0186E+00      1.0385E+00      8.7416E+01      9.2893E+01      1.0000E+00
      1.1353E+00      1.0961E+00      1.0278E+00      1.1787E+00      1.0073E+00      7.6821E+01      9.9197E+01      1.0000E+00
      7.1306E-01      1.3614E+00      1.2019E+00      1.6506E+00      4.5597E-01      6.8265E+01      1.2250E+02      1.0000E+00
      9.0787E-01      1.0464E+00      1.0080E+00      1.1289E+00      8.5643E-01      8.6550E+01      9.2822E+01      1.0000E+00
      9.9578E-01      1.0202E+00      1.0014E+00      1.0330E+00      9.8122E-01      8.7356E+01      9.2199E+01      1.0000E+00
      1.0488E+00      1.0119E+00      1.0019E+00      1.0203E+00      1.0452E+00      8.6804E+01      9.3370E+01      1.0000E+00
      1.0385E+00      1.0240E+00      1.0026E+00      1.0447E+00      1.0212E+00      8.6149E+01      9.2979E+01      1.0000E+00
      1.0633E+00      1.1477E+00      1.0228E+00      1.2844E+00      9.0925E-01      7.9788E+01      9.7834E+01      1.0000E+00
      1.0633E+00      1.1477E+00      1.0228E+00      1.2844E+00      9.0925E-01      7.9788E+01      9.7834E+01      1.0000E+00
      1.0385E+00      1.0240E+00      1.0026E+00      1.0447E+00      1.0212E+00      8.6149E+01      9.2979E+01      1.0000E+00
      1.0488E+00      1.0119E+00      1.0019E+00      1.0203E+00      1.0452E+00      8.6804E+01      9.3370E+01      1.0000E+00
      9.9578E-01      1.0202E+00      1.0014E+00      1.0330E+00      9.8122E-01      8.7356E+01      9.2199E+01      1.0000E+00
      9.0787E-01      1.0464E+00      1.0080E+00      1.1289E+00      8.5643E-01      8.6550E+01      9.2822E+01      1.0000E+00
      1.0057E+00      1.0397E+00      1.0030E+00      1.0801E+00      9.7534E-01      8.8630E+01      9.2090E+01      1.0000E+00
      1.0096E+00      1.0068E+00      1.0005E+00      1.0178E+00      1.0001E+00      8.8661E+01      9.1623E+01      1.0000E+00
      1.0507E+00      1.0280E+00      1.0023E+00      1.0460E+00      1.0417E+00      8.7055E+01      9.2955E+01      1.0000E+00
      1.1357E+00      1.1274E+00      1.0352E+00      1.1837E+00      1.0301E+00      7.6282E+01      1.0164E+02      1.0000E+00
      6.6321E-01      1.3524E+00      1.2104E+00      1.7001E+00      3.8357E-01      7.3347E+01      1.2339E+02      1.0000E+00
      6.6321E-01      1.3524E+00      1.2104E+00      1.7001E+00      3.8357E-01      7.3347E+01      1.2339E+02      1.0000E+00
      1.1357E+00      1.1274E+00      1.0352E+00      1.1837E+00      1.0301E+00      7.6282E+01      1.0164E+02      1.0000E+00
      1.0507E+00      1.0280E+00      1.0023E+00      1.0460E+00      1.0417E+00      8.7055E+01      9.2955E+01      1.0000E+00
      1.0096E+00      1.0068E+00      1.0005E+00      1.0178E+00      1.0001E+00      8.8661E+01      9.1623E+01      1.0000E+00
      1.0057E+00      1.0397E+00      1.0030E+00      1.0801E+00      9.7534E-01      8.8630E+01      9.2090E+01      1.0000E+00
      1.0066E+00      1.0388E+00      1.0027E+00      1.0760E+00      9.7778E-01      8.8255E+01      9.1555E+01      1.0000E+00
      1.0116E+00      1.0044E+00      1.0001E+00      1.0079E+00      1.0056E+00      8.9436E+01      9.0324E+01      1.0000E+00
      1.0513E+00      1.0313E+00      1.0021E+00      1.0667E+00      1.0432E+00      8.9072E+01      9.1158E+01      1.0000E+00
      1.0795E+00      1.1529E+00      1.0305E+00      1.2448E+00      9.7916E-01      8.3572E+01      9.8506E+01      1.0000E+00
      1.0795E+00      1.1529E+00      1.0305E+00      1.2448E+00      9.7916E-01      8.3572E+01      9.8506E+01      1.0000E+00
      1.0513E+00      1.0313E+00      1.0021E+00      1.0667E+00      1.0432E+00      8.9072E+01      9.1158E+01      1.0000E+00
      1.0116E+00      1.0044E+00      1.0001E+00      1.0079E+00      1.0056E+00      8.9436E+01      9.0324E+01      1.0000E+00
      1.0066E+00      1.0388E+00      1.0027E+00      1.0760E+00      9.7778E-01      8.8255E+01      9.1555E+01      1.0000E+00
      9.1043E-01      1.0418E+00      1.0068E+00      1.1192E+00      8.6059E-01      8.6930E+01      9.3005E+01      1.0000E+00
      1.0018E+00      1.0080E+00      1.0004E+00      1.0158E+00      9.9199E-01      8.8366E+01      9.1399E+01      1.0000E+00
      1.0593E+00      1.0348E+00      1.0032E+00      1.0757E+00      1.0457E+00      8.7757E+01      9.1848E+01      1.0000E+00
      1.0664E+00      1.1408E+00      1.0272E+00      1.2341E+00      9.7307E-01      8.4344E+01      9.7994E+01      1.0000E+00
      1.0664E+00      1.1408E+00      1.0272E+00      1.2341E+00      9.7307E-01      8.4344E+01      9.7994E+01      1.0000E+00
      1.0593E+00      1.0348E+00      1.0032E+00      1.0757E+00      1.0457E+00      8.7757E+01      9.1848E+01      1.0000E+00
      1.0018E+00      1.0080E+00      1.0004E+00      1.0158E+00      9.9199E-01      8.8366E+01      9.1399E+01      1.0000E+00
      9.1043E-01      1.0418E+00      1.0068E+00      1.1192E+00      8.6059E-01      8.6930E+01      9.3005E+01      1.0000E+00
      7.1607E-01      1.3554E+00      1.2012E+00      1.6490E+00      4.5808E-01      6.8486E+01      1.2237E+02      1.0000E+00
      1.1438E+00      1.1025E+00      1.0284E+00      1.1738E+00      1.0145E+00      7.6812E+01      9.8982E+01      1.0000E+00
      1.0611E+00      1.0342E+00      1.0032E+00      1.0649E+00      1.0417E+00      8.7117E+01      9.3811E+01      1.0000E+00
      1.1032E+00      1.1245E+00      1.0316E+00      1.1739E+00      1.0097E+00      7.7393E+01      1.0133E+02      1.0000E+00
      6.7398E-01      1.3229E+00      1.4055E+00      1.5706E+00      3.2697E-01      7.3630E+01      1.3460E+02      1.0000E+00
      6.7398E-01      1.3229E+00      1.4055E+00      1.5706E+00      3.2697E-01      7.3630E+01      1.3460E+02      1.0000E+00
      1.1032E+00      1.1245E+00      1.0316E+00      1.1739E+00      1.0097E+00      7.7393E+01      1.0133E+02      1.0000E+00
      1.0611E+00      1.0342E+00      1.0032E+00      1.0649E+00      1.0417E+00      8.7117E+01      9.3811E+01      1.0000E+00
      1.1438E+00      1.1025E+00      1.0284E+00      1.1738E+00      1.0145E+00      7.6812E+01      9.8982E+01      1.0000E+00
      7.1607E-01      1.3554E+00      1.2012E+00      1.6490E+00      4.5808E-01      6.8486E+01      1.2237E+02      1.0000E+00
      1.0434E+00      1.1550E+00      1.0329E+00      1.3077E+00      8.7767E-01      7.6689E+01      1.0017E+02      1.0000E+00
      1.0022E+00      1.0439E+00      1.0032E+00      1.0646E+00      9.6423E-01      8.6198E+01      9.3040E+01      1.0000E+00
      9.9508E-01      1.0145E+00      1.0027E+00      1.0307E+00      9.8201E-01      8.6527E+01      9.3973E+01      1.0000E+00
      9.8818E-01      1.0224E+00      1.0103E+00      1.0324E+00      9.6179E-01      8.1826E+01      9.6783E+01      1.0000E+00
      6.7782E-01      1.3299E+00      1.4155E+00      1.5807E+00      3.2642E-01      7.3144E+01      1.3501E+02      1.0000E+00
      6.7782E-01      1.3299E+00      1.4155E+00      1.5807E+00      3.2642E-01      7.3144E+01      1.3501E+02      1.0000E+00
      9.8818E-01      1.0224E+00      1.0103E+00      1.0324E+00      9.6179E-01      8.1826E+01      9.6783E+01      1.0000E+00
      9.9508E-01      1.0145E+00      1.0027E+00      1.0307E+00      9.8201E-01      8.6527E+01      9.3973E+01      1.0000E+00
      1.0022E+00      1.0439E+00      1.0032E+00      1.0646E+00      9.6423E-01      8.6198E+01      9.3040E+01      1.0000E+00
      1.0434E+00      1.1550E+00      1.0329E+00      1.3077E+00      8.7767E-01      7.6689E+01      1.0017E+02      1.0000E+00
      6.3765E-01      1.3098E+00      1.2663E+00      1.6004E+00      3.7845E-01      6.9921E+01      1.2686E+02      1.0000E+00
      9.8996E-01      1.0247E+00      1.0062E+00      1.0471E+00      9.5317E-01      8.3630E+01      9.4430E+01      1.0000E+00
      9.8795E-01      1.0236E+00      1.0020E+00      1.0462E+00      9.5732E-01      8.6446E+01      9.2558E+01      1.0000E+00
      1.0169E+00      1.0124E+00      1.0039E+00      1.0360E+00      9.9775E-01      8.5413E+01      9.4714E+01      1.0000E+00
      1.1127E+00      1.1089E+00      1.0285E+00      1.1456E+00      1.0298E+00      7.7701E+01      1.0133E+02      1.0000E+00
      1.0740E+00      1.1250E+00      1.0207E+00      1.1851E+00      9.8863E-01      8.3678E+01      9.7608E+01      1.0000E+00
      1.0740E+00      1.1250E+00      1.0207E+00      1.1851E+00      9.8863E-01      8.3678E+01      9.7608E+01      1.0000E+00
      1.1127E+00      1.1089E+00      1.0285E+00      1.1456E+00      1.0298E+00      7.7701E+01      1.0133E+02      1.0000E+00
      1.0169E+00      1.0124E+00      1.0039E+00      1.0360E+00      9.9775E-01      8.5413E+01      9.4714E+01      1.0000E+00
      9.8795E-01      1.0236E+00      1.0020E+00      1.0462E+00      9.5732E-01      8.6446E+01      9.2558E+01      1.0000E+00
      9.8996E-01      1.0247E+00      1.0062E+00      1.0471E+00      9.5317E-01      8.3630E+01      9.4430E+01      1.0000E+00
      6.3765E-01      1.3098E+00      1.2663E+00      1.6004E+00      3.7845E-01      6.9921E+01      1.2686E+02      1.0000E+00
      6.3688E-01      1.3145E+00      1.2644E+00      1.6032E+00      3.7838E-01      6.9800E+01      1.2679E+02      1.0000E+00
      1.0403E+00      1.1506E+00      1.0306E+00      1.3067E+00      8.7524E-01      7.7102E+01      9.9740E+01      1.0000E+00
      1.1458E+00      1.0971E+00      1.0309E+00      1.1612E+00      1.0241E+00      7.6134E+01      9.9754E+01      1.0000E+00
      1.0189E+00      1.0178E+00      1.0022E+00      1.0329E+00      9.9833E-01      8.6274E+01      9.2627E+01      1.0000E+00
      1.0357E+00      1.0204E+00      1.0009E+00      1.0401E+00      1.0247E+00      8.9133E+01      9.1420E+01      1.0000E+00
      1.0357E+00      1.0204E+00      1.0009E+00      1.0401E+00      1.0247E+00      8.9133E+01      9.1420E+01      1.0000E+00
      1.0189E+00      1.0178E+00      1.0022E+00      1.0329E+00      9.9833E-01      8.6274E+01      9.2627E+01      1.0000E+00
      1.1458E+00      1.0971E+00      1.0309E+00      1.1612E+00      1.0241E+00      7.6134E+01      9.9754E+01      1.0000E+00
      1.0403E+00      1.1506E+00      1.0306E+00      1.3067E+00      8.7524E-01      7.7102E+01      9.9740E+01      1.0000E+00
      6.3688E-01      1.3145E+00      1.2644E+00      1.6032E+00      3.7838E-01      6.9800E+01      1.2679E+02      1.0000E+00
      7.2149E-01      1.3542E+00      1.1966E+00      1.6536E+00      4.5980E-01      6.9040E+01      1.2204E+02      1.0000E+00
      9.2098E-01      1.0367E+00      1.0065E+00      1.1114E+00      8.6758E-01      8.6144E+01      9.2611E+01      1.0000E+00
      1.0217E+00      1.0301E+00      1.0017E+00      1.0596E+00      9.8972E-01      8.8506E+01      9.2096E+01      1.0000E+00
      1.0217E+00      1.0301E+00      1.0017E+00      1.0596E+00      9.8972E-01      8.8506E+01      9.2096E+01      1.0000E+00
      9.2098E-01      1.0367E+00      1.0065E+00      1.1114E+00      8.6758E-01      8.6144E+01      9.2611E+01      1.0000E+00
      7.2149E-01      1.3542E+00      1.1966E+00      1.6536E+00      4.5980E-01      6.9040E+01      1.2204E+02      1.0000E+00
      6.0980E-01      1.4486E+00      1.1816E+00      1.6785E+00      4.4463E-01      6.2700E+01      1.1527E+02      1.0000E+00
      5.6865E-01      1.2312E+00      1.1827E+00      1.3940E+00      3.7296E-01      7.5887E+01      1.2221E+02      1.0000E+00
      9.4396E-01      1.1142E+00      1.0289E+00      1.2712E+00      8.1479E-01      8.3176E+01      9.8628E+01      1.0000E+00
      1.1148E+00      1.0754E+00      1.0079E+00      1.1319E+00      1.0415E+00      8.5935E+01      9.3617E+01      1.0000E+00
      1.1148E+00      1.0754E+00      1.0079E+00      1.1319E+00      1.0415E+00      8.5935E+01      9.3618E+01      1.0000E+00
      9.4396E-01      1.1142E+00      1.0289E+00      1.2712E+00      8.1479E-01      8.3177E+01      9.8628E+01      1.0000E+00
      5.6865E-01      1.2312E+00      1.1827E+00      1.3940E+00      3.7296E-01      7.5887E+01      1.2221E+02      1.0000E+00
      6.0981E-01      1.4486E+00      1.1816E+00      1.6785E+00      4.4463E-01      6.2700E+01      1.1527E+02      1.0000E+00
      9.3589E-01      1.1374E+00      1.0332E+00      1.2859E+00      7.4833E-01      7.5540E+01      9.8612E+01      1.0000E+00
      5.0423E-01      1.2163E+00      1.1129E+00      1.4793E+00      3.2952E-01      7.5239E+01      1.1544E+02      1.0000E+00
      5.2090E-01      1.2479E+00      1.1649E+00      1.5324E+00      3.7971E-01      6.8464E+01      1.1745E+02      1.0000E+00
      5.2094E-01      1.2480E+00      1.1655E+00      1.5330E+00      3.7978E-01      6.8414E+01      1.1748E+02      1.0000E+00
      5.0400E-01      1.2163E+00      1.1127E+00      1.4795E+00      3.2934E-01      7.5202E+01      1.1542E+02      1.0000E+00
      9.3574E-01      1.1373E+00      1.0331E+00      1.2861E+00      7.4808E-01      7.5562E+01      9.8650E+01      1.0000E+00
      6.0960E-01      1.4489E+00      1.1820E+00      1.6808E+00      4.4396E-01      6.2629E+01      1.1531E+02      1.0000E+00
      5.6798E-01      1.2319E+00      1.1826E+00      1.3962E+00      3.7255E-01      7.5893E+01      1.2219E+02      1.0000E+00
      9.4333E-01      1.1146E+00      1.0292E+00      1.2727E+00      8.1433E-01      8.3188E+01      9.8621E+01      1.0000E+00
      1.1147E+00      1.0755E+00      1.0080E+00      1.1328E+00      1.0414E+00      8.5986E+01      9.3661E+01      1.0000E+00
      1.1151E+00      1.0752E+00      1.0078E+00      1.1315E+00      1.0425E+00      8.5884E+01      9.3498E+01      1.0000E+00
      9.4445E-01      1.1138E+00      1.0287E+00      1.2702E+00      8.1557E-01      8.3095E+01      9.8509E+01      1.0000E+00
      5.6898E-01      1.2307E+00      1.1816E+00      1.3936E+00      3.7319E-01      7.5982E+01      1.2212E+02      1.0000E+00
      6.1210E-01      1.4520E+00      1.1848E+00      1.6839E+00      4.4488E-01      6.2359E+01      1.1551E+02      1.0000E+00
      9.3864E-01      1.1397E+00      1.0328E+00      1.2858E+00      7.5085E-01      7.5655E+01      9.8709E+01      1.0000E+00
      5.0542E-01      1.2194E+00      1.1131E+00      1.4811E+00      3.2974E-01      7.5143E+01      1.1551E+02      1.0000E+00
      5.2252E-01      1.2507E+00      1.1666E+00      1.5339E+00      3.8067E-01      6.8254E+01      1.1763E+02      1.0000E+00
      5.2219E-01      1.2508E+00      1.1652E+00      1.5335E+00      3.8009E-01      6.8395E+01      1.1757E+02      1.0000E+00
      5.0578E-01      1.2196E+00      1.1144E+00      1.4814E+00      3.2983E-01      7.5252E+01      1.1564E+02      1.0000E+00
      9.4047E-01      1.1430E+00      1.0340E+00      1.2900E+00      7.5140E-01      7.5425E+01      9.8599E+01      1.0000E+00
      6.1411E-01      1.4555E+00      1.1869E+00      1.6825E+00      4.4693E-01      6.2299E+01      1.1564E+02      1.0000E+00
      5.7212E-01      1.2275E+00      1.1840E+00      1.3873E+00      3.7436E-01      7.6014E+01      1.2232E+02      1.0000E+00
      9.5150E-01      1.1096E+00      1.0272E+00      1.2619E+00      8.2026E-01      8.3156E+01      9.8746E+01      1.0000E+00
      1.1249E+00      1.0704E+00      1.0068E+00      1.1218E+00      1.0503E+00      8.5935E+01      9.3658E+01      1.0000E+00
      1.1249E+00      1.0704E+00      1.0068E+00      1.1218E+00      1.0503E+00      8.5935E+01      9.3658E+01      1.0000E+00
      9.5150E-01      1.1096E+00      1.0272E+00      1.2619E+00      8.2026E-01      8.3156E+01      9.8746E+01      1.0000E+00
      5.7212E-01      1.2275E+00      1.1840E+00      1.3873E+00      3.7436E-01      7.6014E+01      1.2232E+02      1.0000E+00
      6.1411E-01      1.4555E+00      1.1869E+00      1.6825E+00      4.4693E-01      6.2299E+01      1.1564E+02      1.0000E+00
      9.4047E-01      1.1430E+00      1.0340E+00      1.2900E+00      7.5140E-01      7.5425E+01      9.8599E+01      1.0000E+00
      5.0578E-01      1.2196E+00      1.1145E+00      1.4814E+00      3.2983E-01      7.5252E+01      1.1564E+02      1.0000E+00
      5.2218E-01      1.2508E+00      1.1652E+00      1.5335E+00      3.8009E-01      6.8395E+01      1.1757E+02      1.0000E+00
      5.2252E-01      1.2507E+00      1.1666E+00      1.5339E+00      3.8067E-01      6.8254E+01      1.1763E+02      1.0000E+00
      5.0542E-01      1.2194E+00      1.1131E+00      1.4811E+00      3.2974E-01      7.5143E+01      1.1551E+02      1.0000E+00
      9.3865E-01      1.1397E+00      1.0328E+00      1.2858E+00      7.5086E-01      7.5655E+01      9.8709E+01      1.0000E+00
      6.1210E-01      1.4520E+00      1.1848E+00      1.6839E+00      4.4488E-01      6.2359E+01      1.1551E+02      1.0000E+00
      5.6898E-01      1.2307E+00      1.1816E+00      1.3936E+00      3.7319E-01      7.5982E+01      1.2212E+02      1.0000E+00
      9.4446E-01      1.1138E+00      1.0287E+00      1.2702E+00      8.1557E-01      8.3095E+01      9.8509E+01      1.0000E+00
      1.1151E+00      1.0752E+00      1.0078E+00      1.1315E+00      1.0425E+00      8.5884E+01      9.3498E+01      1.0000E+00
      1.1147E+00      1.0755E+00      1.0080E+00      1.1328E+00      1.0414E+00      8.5985E+01      9.3661E+01      1.0000E+00
      9.4333E-01      1.1146E+00      1.0292E+00      1.2727E+00      8.1433E-01      8.3188E+01      9.8621E+01      1.0000E+00
      5.6798E-01      1.2319E+00      1.1826E+00      1.3962E+00      3.7255E-01      7.5892E+01      1.2219E+02      1.0000E+00
      6.0960E-01      1.4489E+00      1.1820E+00      1.6808E+00      4.4396E-01      6.2629E+01      1.1531E+02      1.0000E+00
      9.3574E-01      1.1373E+00      1.0331E+00      1.2861E+00      7.4808E-01      7.5562E+01      9.8650E+01      1.0000E+00
      5.0400E-01      1.2163E+00      1.1127E+00      1.4795E+00      3.2934E-01      7.5202E+01      1.1542E+02      1.0000E+00
      5.2094E-01      1.2480E+00      1.1655E+00      1.5330E+00      3.7978E-01      6.8414E+01      1.1748E+02      1.0000E+00
      5.2090E-01      1.2479E+00      1.1649E+00      1.5324E+00      3.7971E-01      6.8464E+01      1.1745E+02      1.0000E+00
      5.0423E-01      1.2163E+00      1.1129E+00      1.4793E+00      3.2952E-01      7.5239E+01      1.1544E+02      1.0000E+00
      9.3589E-01      1.1374E+00      1.0332E+00      1.2859E+00      7.4833E-01      7.5540E+01      9.8612E+01      1.0000E+00
      9.9795E-01      1.0307E+00      1.0019E+00      1.0642E+00      9.6958E-01      8.8132E+01      9.1384E+01      1.0000E+00
      9.9795E-01      1.0307E+00      1.0019E+00      1.0642E+00      9.6958E-01      8.8132E+01      9.1384E+01      1.0000E+00
      7.6662E-01      1.4908E+00      1.3016E+00      1.8827E+00      3.6340E-01      6.5303E+01      1.2965E+02      1.0000E+00
      5.9625E-01      1.4355E+00      1.1541E+00      1.7096E+00      4.0321E-01      6.4115E+01      1.0649E+02      1.0000E+00
      8.6780E-01      1.1668E+00      1.0575E+00      1.3379E+00      6.6778E-01      7.1069E+01      9.7567E+01      1.0000E+00
      5.0197E-01      1.2065E+00      1.1581E+00      1.3575E+00      3.3616E-01      7.6928E+01      1.2027E+02      1.0000E+00
      5.2776E-01      1.4983E+00      1.2092E+00      1.6948E+00      3.8289E-01      6.1848E+01      1.1633E+02      1.0000E+00
      5.8837E-01      1.4327E+00      1.6541E+00      2.9369E+00      2.6838E-01      6.4950E+01      1.1893E+02      1.0000E+00
      6.4816E-01      1.2061E+00      1.2061E+00      1.7183E+00      4.7388E-01      6.9380E+01      1.0984E+02      1.0000E+00
      3.6583E-01      1.6158E+00      1.2969E+00      2.1068E+00      2.0753E-01      5.5253E+01      1.1056E+02      1.0000E+00
      3.5991E-01      1.2625E+00      1.1513E+00      1.4516E+00      2.8849E-01      6.2114E+01      1.1562E+02      1.0000E+00
      3.6017E-01      1.2618E+00      1.1505E+00      1.4524E+00      2.8839E-01      6.2161E+01      1.1549E+02      1.0000E+00
      3.6635E-01      1.6098E+00      1.2940E+00      2.1016E+00      2.0759E-01      5.5255E+01      1.1042E+02      1.0000E+00
      6.6431E-01      1.2282E+00      1.2016E+00      1.7724E+00      4.7782E-01      7.0223E+01      1.0943E+02      1.0000E+00
      6.6431E-01      1.2282E+00      1.2016E+00      1.7724E+00      4.7782E-01      7.0223E+01      1.0943E+02      1.0000E+00
      3.6635E-01      1.6098E+00      1.2940E+00      2.1016E+00      2.0759E-01      5.5255E+01      1.1042E+02      1.0000E+00
      3.6017E-01      1.2618E+00      1.1505E+00      1.4524E+00      2.8839E-01      6.2161E+01      1.1549E+02      1.0000E+00
      3.5991E-01      1.2625E+00      1.1513E+00      1.4516E+00      2.8849E-01      6.2114E+01      1.1562E+02      1.0000E+00
      3.6583E-01      1.6158E+00      1.2969E+00      2.1068E+00      2.0753E-01      5.5253E+01      1.1056E+02      1.0000E+00
      6.4816E-01      1.2061E+00      1.2061E+00      1.7183E+00      4.7388E-01      6.9380E+01      1.0984E+02      1.0000E+00
      5.8837E-01      1.4327E+00      1.6541E+00      2.9369E+00      2.6838E-01      6.4950E+01      1.1893E+02      1.0000E+00
      5.2776E-01      1.4983E+00      1.2092E+00      1.6948E+00      3.8289E-01      6.1848E+01      1.1633E+02      1.0000E+00
      5.0197E-01      1.2065E+00      1.1581E+00      1.3575E+00      3.3616E-01      7.6928E+01      1.2027E+02      1.0000E+00
      8.6780E-01      1.1668E+00      1.0575E+00      1.3379E+00      6.6778E-01      7.1069E+01      9.7567E+01      1.0000E+00
      5.9625E-01      1.4355E+00      1.1541E+00      1.7096E+00      4.0321E-01      6.4115E+01      1.0649E+02      1.0000E+00
      7.6662E-01      1.4908E+00      1.3016E+00      1.8827E+00      3.6340E-01      6.5303E+01      1.2965E+02      1.0000E+00
