  
 ------------------------
 2D Mesh Quality Measures
 ------------------------
  
Signed Area     Aspect Ratio    Condition       Edge Ratio      Jacobian        Minimum Angle   Maximum Angle   Area Sign       
      7.1132E-01      1.3623E+00      1.2022E+00      1.6504E+00      4.5516E-01      6.8183E+01      1.2252E+02      1.0000E+00
      9.0373E-01      1.0469E+00      1.0079E+00      1.1295E+00      8.5397E-01      8.6763E+01      9.2848E+01      1.0000E+00
      9.9916E-01      1.0428E+00      1.0033E+00      1.0846E+00      9.6962E-01      8.8444E+01      9.1845E+01      1.0000E+00
      9.9916E-01      1.0428E+00      1.0033E+00      1.0846E+00      9.6962E-01      8.8444E+01      9.1845E+01      1.0000E+00
      9.0373E-01      1.0469E+00      1.0079E+00      1.1295E+00      8.5397E-01      8.6763E+01      9.2848E+01      1.0000E+00
      7.1132E-01      1.3623E+00      1.2022E+00      1.6504E+00      4.5516E-01      6.8183E+01      1.2252E+02      1.0000E+00
      6.3436E-01      1.3151E+00      1.2698E+00      1.6006E+00      3.7695E-01      6.9440E+01      1.2710E+02      1.0000E+00
      1.0348E+00      1.1442E+00      1.0318E+00      1.3000E+00      8.7446E-01      7.6754E+01      1.0018E+02      1.0000E+00
      1.1253E+00      1.0966E+00      1.0277E+00      1.1868E+00      9.9281E-01      7.6824E+01      9.8991E+01      1.0000E+00
      9.7740E-01      1.0238E+00      1.0011E+00      1.0385E+00      9.6840E-01      8.8336E+01      9.1703E+01      1.0000E+00
      9.8440E-01      1.0181E+00      1.0007E+00      1.0364E+00      9.7839E-01      8.9681E+01      9.0665E+01      1.0000E+00
      9.8440E-01      1.0181E+00      1.0007E+00      1.0364E+00      9.7839E-01      8.9681E+01      9.0665E+01      1.0000E+00
      9.7740E-01      1.0238E+00      1.0011E+00      1.0385E+00      9.6840E-01      8.8336E+01      9.1703E+01      1.0000E+00
      1.1253E+00      1.0966E+00      1.0277E+00      1.1868E+00      9.9281E-01      7.6824E+01      9.8991E+01      1.0000E+00
      1.0348E+00      1.1442E+00      1.0318E+00      1.3000E+00      8.7446E-01      7.6754E+01      1.0018E+02      1.0000E+00
      6.3436E-01      1.3151E+00      1.2698E+00      1.6006E+00      3.7695E-01      6.9440E+01      1.2710E+02      1.0000E+00
      6.3477E-01      1.3135E+00      1.2701E+00      1.5999E+00      3.7707E-01      6.9504E+01      1.2710E+02      1.0000E+00
      9.8883E-01      1.0228E+00      1.0052E+00      1.0426E+00      9.5198E-01      8.4173E+01      9.3764E+01      1.0000E+00
      9.9029E-01      1.0210E+00      1.0009E+00      1.0427E+00      9.6017E-01      8.7661E+01      9.1235E+01      1.0000E+00
      1.0208E+00      1.0083E+00      1.0009E+00      1.0175E+00      1.0079E+00      8.7572E+01      9.1955E+01      1.0000E+00
      1.0001E+00      1.0121E+00      1.0008E+00      1.0258E+00      9.8204E-01      8.7673E+01      9.1405E+01      1.0000E+00
      9.8853E-01      1.0100E+00      1.0002E+00      1.0205E+00      9.8651E-01      8.9595E+01      9.0319E+01      1.0000E+00
      9.8853E-01      1.0100E+00      1.0002E+00      1.0205E+00      9.8651E-01      8.9595E+01      9.0319E+01      1.0000E+00
      1.0001E+00      1.0121E+00      1.0008E+00      1.0258E+00      9.8204E-01      8.7673E+01      9.1405E+01      1.0000E+00
      1.0208E+00      1.0083E+00      1.0009E+00      1.0175E+00      1.0079E+00      8.7572E+01      9.1955E+01      1.0000E+00
      9.9029E-01      1.0210E+00      1.0009E+00      1.0427E+00      9.6017E-01      8.7661E+01      9.1235E+01      1.0000E+00
      9.8883E-01      1.0228E+00      1.0052E+00      1.0426E+00      9.5198E-01      8.4173E+01      9.3764E+01      1.0000E+00
      6.3477E-01      1.3135E+00      1.2701E+00      1.5999E+00      3.7707E-01      6.9504E+01      1.2710E+02      1.0000E+00
      1.0378E+00      1.1469E+00      1.0317E+00      1.3028E+00      8.7611E-01      7.6734E+01      1.0023E+02      1.0000E+00
      9.9739E-01      1.0281E+00      1.0013E+00      1.0502E+00      9.6368E-01      8.7285E+01      9.1642E+01      1.0000E+00
      1.0282E+00      1.0156E+00      1.0017E+00      1.0239E+00      1.0106E+00      8.6731E+01      9.2647E+01      1.0000E+00
      1.0083E+00      1.0136E+00      1.0009E+00      1.0207E+00      9.9707E-01      8.7737E+01      9.2362E+01      1.0000E+00
      9.4384E-01      1.0266E+00      1.0027E+00      1.0744E+00      8.9626E-01      8.7437E+01      9.3170E+01      1.0000E+00
      9.4384E-01      1.0266E+00      1.0027E+00      1.0744E+00      8.9626E-01      8.7437E+01      9.3170E+01      1.0000E+00
      1.0083E+00      1.0136E+00      1.0009E+00      1.0207E+00      9.9707E-01      8.7737E+01      9.2362E+01      1.0000E+00
      1.0282E+00      1.0156E+00      1.0017E+00      1.0239E+00      1.0106E+00      8.6731E+01      9.2647E+01      1.0000E+00
      9.9739E-01      1.0281E+00      1.0013E+00      1.0502E+00      9.6368E-01      8.7285E+01      9.1642E+01      1.0000E+00
      1.0378E+00      1.1469E+00      1.0317E+00      1.3028E+00      8.7611E-01      7.6734E+01      1.0023E+02      1.0000E+00
      7.1302E-01      1.3615E+00      1.2020E+00      1.6512E+00      4.5589E-01      6.8260E+01      1.2250E+02      1.0000E+00
      1.1353E+00      1.0960E+00      1.0278E+00      1.1787E+00      1.0072E+00      7.6816E+01      9.9199E+01      1.0000E+00
      1.0462E+00      1.0091E+00      1.0014E+00      1.0186E+00      1.0384E+00      8.7412E+01      9.2898E+01      1.0000E+00
      1.0551E+00      1.0158E+00      1.0020E+00      1.0295E+00      1.0419E+00      8.6448E+01      9.2836E+01      1.0000E+00
      1.1622E+00      1.0997E+00      1.0304E+00      1.1756E+00      1.0286E+00      7.6219E+01      9.9352E+01      1.0000E+00
      7.5968E-01      1.3367E+00      1.2159E+00      1.5941E+00      4.8133E-01      6.8808E+01      1.2386E+02      1.0000E+00
      7.5968E-01      1.3367E+00      1.2159E+00      1.5941E+00      4.8133E-01      6.8808E+01      1.2386E+02      1.0000E+00
      1.1622E+00      1.0997E+00      1.0304E+00      1.1756E+00      1.0286E+00      7.6219E+01      9.9352E+01      1.0000E+00
      1.0551E+00      1.0158E+00      1.0020E+00      1.0295E+00      1.0419E+00      8.6448E+01      9.2836E+01      1.0000E+00
      1.0462E+00      1.0091E+00      1.0014E+00      1.0186E+00      1.0384E+00      8.7412E+01      9.2898E+01      1.0000E+00
      1.1353E+00      1.0960E+00      1.0278E+00      1.1787E+00      1.0072E+00      7.6816E+01      9.9199E+01      1.0000E+00
      7.1302E-01      1.3615E+00      1.2020E+00      1.6512E+00      4.5589E-01      6.8260E+01      1.2250E+02      1.0000E+00
      9.0789E-01      1.0465E+00      1.0080E+00      1.1291E+00      8.5646E-01      8.6535E+01      9.2806E+01      1.0000E+00
      9.9580E-01      1.0203E+00      1.0014E+00      1.0331E+00      9.8126E-01      8.7351E+01      9.2203E+01      1.0000E+00
      1.0488E+00      1.0119E+00      1.0019E+00      1.0203E+00      1.0451E+00      8.6802E+01      9.3374E+01      1.0000E+00
      1.0385E+00      1.0240E+00      1.0026E+00      1.0446E+00      1.0212E+00      8.6148E+01      9.2980E+01      1.0000E+00
      1.0633E+00      1.1477E+00      1.0228E+00      1.2844E+00      9.0925E-01      7.9789E+01      9.7833E+01      1.0000E+00
      1.0633E+00      1.1477E+00      1.0228E+00      1.2844E+00      9.0925E-01      7.9789E+01      9.7833E+01      1.0000E+00
      1.0385E+00      1.0240E+00      1.0026E+00      1.0446E+00      1.0212E+00      8.6148E+01      9.2980E+01      1.0000E+00
      1.0488E+00      1.0119E+00      1.0019E+00      1.0203E+00      1.0451E+00      8.6802E+01      9.3374E+01      1.0000E+00
      9.9580E-01      1.0203E+00      1.0014E+00      1.0331E+00      9.8126E-01      8.7351E+01      9.2203E+01      1.0000E+00
      9.0789E-01      1.0465E+00      1.0080E+00      1.1291E+00      8.5646E-01      8.6535E+01      9.2806E+01      1.0000E+00
      1.0059E+00      1.0400E+00      1.0030E+00      1.0806E+00      9.7543E-01      8.8628E+01      9.2105E+01      1.0000E+00
      1.0097E+00      1.0069E+00      1.0005E+00      1.0180E+00      1.0002E+00      8.8661E+01      9.1629E+01      1.0000E+00
      1.0507E+00      1.0280E+00      1.0023E+00      1.0459E+00      1.0417E+00      8.7054E+01      9.2957E+01      1.0000E+00
      1.1357E+00      1.1274E+00      1.0352E+00      1.1837E+00      1.0301E+00      7.6282E+01      1.0164E+02      1.0000E+00
      6.6321E-01      1.3524E+00      1.2104E+00      1.7001E+00      3.8357E-01      7.3347E+01      1.2339E+02      1.0000E+00
      6.6321E-01      1.3524E+00      1.2104E+00      1.7001E+00      3.8357E-01      7.3347E+01      1.2339E+02      1.0000E+00
      1.1357E+00      1.1274E+00      1.0352E+00      1.1837E+00      1.0301E+00      7.6282E+01      1.0164E+02      1.0000E+00
      1.0507E+00      1.0280E+00      1.0023E+00      1.0459E+00      1.0417E+00      8.7054E+01      9.2957E+01      1.0000E+00
      1.0097E+00      1.0069E+00      1.0005E+00      1.0180E+00      1.0002E+00      8.8661E+01      9.1629E+01      1.0000E+00
      1.0059E+00      1.0400E+00      1.0030E+00      1.0806E+00      9.7543E-01      8.8628E+01      9.2105E+01      1.0000E+00
      1.0069E+00      1.0391E+00      1.0027E+00      1.0765E+00      9.7788E-01      8.8253E+01      9.1570E+01      1.0000E+00
      1.0117E+00      1.0045E+00      1.0001E+00      1.0080E+00      1.0056E+00      8.9435E+01      9.0324E+01      1.0000E+00
      1.0513E+00      1.0313E+00      1.0021E+00      1.0667E+00      1.0432E+00      8.9072E+01      9.1158E+01      1.0000E+00
      1.0796E+00      1.1529E+00      1.0305E+00      1.2447E+00      9.7920E-01      8.3573E+01      9.8505E+01      1.0000E+00
      1.0796E+00      1.1529E+00      1.0305E+00      1.2447E+00      9.7920E-01      8.3573E+01      9.8505E+01      1.0000E+00
      1.0513E+00      1.0313E+00      1.0021E+00      1.0667E+00      1.0432E+00      8.9072E+01      9.1158E+01      1.0000E+00
      1.0117E+00      1.0045E+00      1.0001E+00      1.0080E+00      1.0056E+00      8.9435E+01      9.0324E+01      1.0000E+00
      1.0069E+00      1.0391E+00      1.0027E+00      1.0765E+00      9.7788E-01      8.8253E+01      9.1570E+01      1.0000E+00
      9.1045E-01      1.0418E+00      1.0068E+00      1.1194E+00      8.6061E-01      8.6915E+01      9.2989E+01      1.0000E+00
      1.0019E+00      1.0080E+00      1.0004E+00      1.0157E+00      9.9202E-01      8.8362E+01      9.1403E+01      1.0000E+00
      1.0593E+00      1.0348E+00      1.0032E+00      1.0757E+00      1.0457E+00      8.7754E+01      9.1851E+01      1.0000E+00
      1.0664E+00      1.1408E+00      1.0272E+00      1.2341E+00      9.7309E-01      8.4344E+01      9.7994E+01      1.0000E+00
      1.0664E+00      1.1408E+00      1.0272E+00      1.2341E+00      9.7309E-01      8.4344E+01      9.7994E+01      1.0000E+00
      1.0593E+00      1.0348E+00      1.0032E+00      1.0757E+00      1.0457E+00      8.7754E+01      9.1851E+01      1.0000E+00
      1.0019E+00      1.0080E+00      1.0004E+00      1.0157E+00      9.9202E-01      8.8362E+01      9.1403E+01      1.0000E+00
      9.1045E-01      1.0418E+00      1.0068E+00      1.1194E+00      8.6061E-01      8.6915E+01      9.2989E+01      1.0000E+00
      7.1603E-01      1.3556E+00      1.2012E+00      1.6496E+00      4.5800E-01      6.8481E+01      1.2237E+02      1.0000E+00
      1.1438E+00      1.1024E+00      1.0284E+00      1.1737E+00      1.0145E+00      7.6806E+01      9.8984E+01      1.0000E+00
      1.0611E+00      1.0341E+00      1.0032E+00      1.0648E+00      1.0417E+00      8.7113E+01      9.3816E+01      1.0000E+00
      1.1031E+00      1.1246E+00      1.0316E+00      1.1739E+00      1.0097E+00      7.7392E+01      1.0134E+02      1.0000E+00
      6.7394E-01      1.3229E+00      1.4054E+00      1.5706E+00      3.2695E-01      7.3632E+01      1.3460E+02      1.0000E+00
      6.7394E-01      1.3229E+00      1.4054E+00      1.5706E+00      3.2695E-01      7.3632E+01      1.3460E+02      1.0000E+00
      1.1031E+00      1.1246E+00      1.0316E+00      1.1739E+00      1.0097E+00      7.7392E+01      1.0134E+02      1.0000E+00
      1.0611E+00      1.0341E+00      1.0032E+00      1.0648E+00      1.0417E+00      8.7113E+01      9.3816E+01      1.0000E+00
      1.1438E+00      1.1024E+00      1.0284E+00      1.1737E+00      1.0145E+00      7.6806E+01      9.8984E+01      1.0000E+00
      7.1603E-01      1.3556E+00      1.2012E+00      1.6496E+00      4.5800E-01      6.8481E+01      1.2237E+02      1.0000E+00
      1.0433E+00      1.1550E+00      1.0328E+00      1.3077E+00      8.7755E-01      7.6700E+01      1.0016E+02      1.0000E+00
      1.0021E+00      1.0439E+00      1.0033E+00      1.0646E+00      9.6415E-01      8.6192E+01      9.3046E+01      1.0000E+00
      9.9503E-01      1.0145E+00      1.0027E+00      1.0307E+00      9.8195E-01      8.6523E+01      9.3977E+01      1.0000E+00
      9.8815E-01      1.0224E+00      1.0103E+00      1.0324E+00      9.6175E-01      8.1823E+01      9.6786E+01      1.0000E+00
      6.7779E-01      1.3299E+00      1.4154E+00      1.5807E+00      3.2641E-01      7.3145E+01      1.3500E+02      1.0000E+00
      6.7779E-01      1.3299E+00      1.4154E+00      1.5807E+00      3.2641E-01      7.3145E+01      1.3500E+02      1.0000E+00
      9.8815E-01      1.0224E+00      1.0103E+00      1.0324E+00      9.6175E-01      8.1823E+01      9.6786E+01      1.0000E+00
      9.9503E-01      1.0145E+00      1.0027E+00      1.0307E+00      9.8195E-01      8.6523E+01      9.3977E+01      1.0000E+00
      1.0021E+00      1.0439E+00      1.0033E+00      1.0646E+00      9.6415E-01      8.6192E+01      9.3046E+01      1.0000E+00
      1.0433E+00      1.1550E+00      1.0328E+00      1.3077E+00      8.7755E-01      7.6700E+01      1.0016E+02      1.0000E+00
      6.3751E-01      1.3098E+00      1.2663E+00      1.6011E+00      3.7834E-01      6.9921E+01      1.2685E+02      1.0000E+00
      9.8984E-01      1.0247E+00      1.0062E+00      1.0471E+00      9.5308E-01      8.3625E+01      9.4437E+01      1.0000E+00
      9.8787E-01      1.0236E+00      1.0020E+00      1.0462E+00      9.5723E-01      8.6439E+01      9.2563E+01      1.0000E+00
      1.0169E+00      1.0125E+00      1.0039E+00      1.0361E+00      9.9770E-01      8.5409E+01      9.4720E+01      1.0000E+00
      1.1127E+00      1.1089E+00      1.0285E+00      1.1456E+00      1.0298E+00      7.7700E+01      1.0133E+02      1.0000E+00
      1.0741E+00      1.1249E+00      1.0207E+00      1.1850E+00      9.8869E-01      8.3679E+01      9.7607E+01      1.0000E+00
      1.0741E+00      1.1249E+00      1.0207E+00      1.1850E+00      9.8869E-01      8.3679E+01      9.7607E+01      1.0000E+00
      1.1127E+00      1.1089E+00      1.0285E+00      1.1456E+00      1.0298E+00      7.7700E+01      1.0133E+02      1.0000E+00
      1.0169E+00      1.0125E+00      1.0039E+00      1.0361E+00      9.9770E-01      8.5409E+01      9.4720E+01      1.0000E+00
      9.8787E-01      1.0236E+00      1.0020E+00      1.0462E+00      9.5723E-01      8.6439E+01      9.2563E+01      1.0000E+00
      9.8984E-01      1.0247E+00      1.0062E+00      1.0471E+00      9.5308E-01      8.3625E+01      9.4437E+01      1.0000E+00
      6.3751E-01      1.3098E+00      1.2663E+00      1.6011E+00      3.7834E-01      6.9921E+01      1.2685E+02      1.0000E+00
      6.3674E-01      1.3145E+00      1.2644E+00      1.6039E+00      3.7827E-01      6.9800E+01      1.2678E+02      1.0000E+00
      1.0401E+00      1.1505E+00      1.0306E+00      1.3067E+00      8.7511E-01      7.7114E+01      9.9728E+01      1.0000E+00
      1.1458E+00      1.0970E+00      1.0309E+00      1.1612E+00      1.0240E+00      7.6129E+01      9.9756E+01      1.0000E+00
      1.0189E+00      1.0177E+00      1.0022E+00      1.0328E+00      9.9837E-01      8.6270E+01      9.2633E+01      1.0000E+00
      1.0358E+00      1.0203E+00      1.0009E+00      1.0400E+00      1.0247E+00      8.9134E+01      9.1425E+01      1.0000E+00
      1.0358E+00      1.0203E+00      1.0009E+00      1.0400E+00      1.0247E+00      8.9134E+01      9.1425E+01      1.0000E+00
      1.0189E+00      1.0177E+00      1.0022E+00      1.0328E+00      9.9837E-01      8.6270E+01      9.2633E+01      1.0000E+00
      1.1458E+00      1.0970E+00      1.0309E+00      1.1612E+00      1.0240E+00      7.6129E+01      9.9756E+01      1.0000E+00
      1.0401E+00      1.1505E+00      1.0306E+00      1.3067E+00      8.7511E-01      7.7114E+01      9.9728E+01      1.0000E+00
      6.3674E-01      1.3145E+00      1.2644E+00      1.6039E+00      3.7827E-01      6.9800E+01      1.2678E+02      1.0000E+00
      7.2144E-01      1.3544E+00      1.1966E+00      1.6541E+00      4.5972E-01      6.9035E+01      1.2204E+02      1.0000E+00
      9.2100E-01      1.0368E+00      1.0066E+00      1.1115E+00      8.6760E-01      8.6129E+01      9.2596E+01      1.0000E+00
      1.0219E+00      1.0304E+00      1.0017E+00      1.0600E+00      9.8982E-01      8.8504E+01      9.2111E+01      1.0000E+00
      1.0219E+00      1.0304E+00      1.0017E+00      1.0600E+00      9.8982E-01      8.8504E+01      9.2111E+01      1.0000E+00
      9.2100E-01      1.0368E+00      1.0066E+00      1.1115E+00      8.6760E-01      8.6129E+01      9.2596E+01      1.0000E+00
      7.2144E-01      1.3544E+00      1.1966E+00      1.6541E+00      4.5972E-01      6.9035E+01      1.2204E+02      1.0000E+00
      6.1121E-01      1.4469E+00      1.1808E+00      1.6795E+00      4.4674E-01      6.2779E+01      1.1542E+02      1.0000E+00
      5.6731E-01      1.2274E+00      1.1807E+00      1.3892E+00      3.7329E-01      7.6046E+01      1.2205E+02      1.0000E+00
      9.4448E-01      1.1153E+00      1.0293E+00      1.2730E+00      8.1448E-01      8.3188E+01      9.8738E+01      1.0000E+00
      1.1155E+00      1.0759E+00      1.0080E+00      1.1327E+00      1.0419E+00      8.5932E+01      9.3638E+01      1.0000E+00
      1.1155E+00      1.0759E+00      1.0080E+00      1.1327E+00      1.0419E+00      8.5932E+01      9.3638E+01      1.0000E+00
      9.4448E-01      1.1153E+00      1.0293E+00      1.2730E+00      8.1448E-01      8.3188E+01      9.8738E+01      1.0000E+00
      5.6731E-01      1.2274E+00      1.1807E+00      1.3892E+00      3.7329E-01      7.6046E+01      1.2205E+02      1.0000E+00
      6.1121E-01      1.4469E+00      1.1808E+00      1.6795E+00      4.4674E-01      6.2779E+01      1.1542E+02      1.0000E+00
      9.3521E-01      1.1380E+00      1.0335E+00      1.2862E+00      7.4737E-01      7.5460E+01      9.8586E+01      1.0000E+00
      5.0348E-01      1.2169E+00      1.1121E+00      1.4791E+00      3.2958E-01      7.5276E+01      1.1536E+02      1.0000E+00
      5.2120E-01      1.2477E+00      1.1659E+00      1.5325E+00      3.7941E-01      6.8466E+01      1.1755E+02      1.0000E+00
      5.2125E-01      1.2477E+00      1.1665E+00      1.5330E+00      3.7947E-01      6.8416E+01      1.1757E+02      1.0000E+00
      5.0325E-01      1.2169E+00      1.1118E+00      1.4793E+00      3.2939E-01      7.5239E+01      1.1533E+02      1.0000E+00
      9.3506E-01      1.1379E+00      1.0334E+00      1.2864E+00      7.4712E-01      7.5482E+01      9.8623E+01      1.0000E+00
      6.1100E-01      1.4471E+00      1.1811E+00      1.6819E+00      4.4608E-01      6.2708E+01      1.1547E+02      1.0000E+00
      5.6665E-01      1.2282E+00      1.1806E+00      1.3913E+00      3.7287E-01      7.6052E+01      1.2204E+02      1.0000E+00
      9.4385E-01      1.1157E+00      1.0295E+00      1.2744E+00      8.1402E-01      8.3200E+01      9.8732E+01      1.0000E+00
      1.1153E+00      1.0759E+00      1.0081E+00      1.1336E+00      1.0418E+00      8.5983E+01      9.3682E+01      1.0000E+00
      1.1158E+00      1.0757E+00      1.0079E+00      1.1323E+00      1.0429E+00      8.5881E+01      9.3518E+01      1.0000E+00
      9.4498E-01      1.1149E+00      1.0291E+00      1.2720E+00      8.1526E-01      8.3107E+01      9.8619E+01      1.0000E+00
      5.6764E-01      1.2269E+00      1.1796E+00      1.3888E+00      3.7351E-01      7.6142E+01      1.2197E+02      1.0000E+00
      6.1350E-01      1.4503E+00      1.1839E+00      1.6850E+00      4.4700E-01      6.2437E+01      1.1566E+02      1.0000E+00
      9.3796E-01      1.1403E+00      1.0332E+00      1.2862E+00      7.4989E-01      7.5575E+01      9.8682E+01      1.0000E+00
      5.0466E-01      1.2200E+00      1.1122E+00      1.4809E+00      3.2979E-01      7.5180E+01      1.1542E+02      1.0000E+00
      5.2283E-01      1.2504E+00      1.1677E+00      1.5339E+00      3.8036E-01      6.8256E+01      1.1773E+02      1.0000E+00
      5.2249E-01      1.2505E+00      1.1663E+00      1.5336E+00      3.7978E-01      6.8397E+01      1.1767E+02      1.0000E+00
      5.0503E-01      1.2202E+00      1.1136E+00      1.4812E+00      3.2988E-01      7.5289E+01      1.1555E+02      1.0000E+00
      9.3979E-01      1.1436E+00      1.0344E+00      1.2903E+00      7.5044E-01      7.5345E+01      9.8573E+01      1.0000E+00
      6.1552E-01      1.4537E+00      1.1861E+00      1.6835E+00      4.4906E-01      6.2378E+01      1.1580E+02      1.0000E+00
      5.7077E-01      1.2238E+00      1.1820E+00      1.3825E+00      3.7468E-01      7.6173E+01      1.2216E+02      1.0000E+00
      9.5203E-01      1.1106E+00      1.0275E+00      1.2636E+00      8.1994E-01      8.3168E+01      9.8855E+01      1.0000E+00
      1.1256E+00      1.0708E+00      1.0069E+00      1.1226E+00      1.0508E+00      8.5932E+01      9.3678E+01      1.0000E+00
      1.1256E+00      1.0708E+00      1.0069E+00      1.1226E+00      1.0508E+00      8.5932E+01      9.3678E+01      1.0000E+00
      9.5203E-01      1.1106E+00      1.0275E+00      1.2636E+00      8.1994E-01      8.3168E+01      9.8855E+01      1.0000E+00
      5.7077E-01      1.2238E+00      1.1820E+00      1.3825E+00      3.7468E-01      7.6173E+01      1.2216E+02      1.0000E+00
      6.1552E-01      1.4537E+00      1.1861E+00      1.6835E+00      4.4906E-01      6.2378E+01      1.1580E+02      1.0000E+00
      9.3979E-01      1.1436E+00      1.0344E+00      1.2903E+00      7.5044E-01      7.5345E+01      9.8573E+01      1.0000E+00
      5.0503E-01      1.2202E+00      1.1136E+00      1.4812E+00      3.2988E-01      7.5289E+01      1.1555E+02      1.0000E+00
      5.2249E-01      1.2505E+00      1.1663E+00      1.5336E+00      3.7978E-01      6.8397E+01      1.1767E+02      1.0000E+00
      5.2283E-01      1.2504E+00      1.1677E+00      1.5339E+00      3.8036E-01      6.8256E+01      1.1773E+02      1.0000E+00
      5.0466E-01      1.2200E+00      1.1122E+00      1.4809E+00      3.2979E-01      7.5180E+01      1.1542E+02      1.0000E+00
      9.3796E-01      1.1403E+00      1.0332E+00      1.2862E+00      7.4989E-01      7.5575E+01      9.8682E+01      1.0000E+00
      6.1350E-01      1.4503E+00      1.1839E+00      1.6850E+00      4.4700E-01      6.2437E+01      1.1566E+02      1.0000E+00
      5.6764E-01      1.2269E+00      1.1796E+00      1.3888E+00      3.7351E-01      7.6142E+01      1.2197E+02      1.0000E+00
      9.4498E-01      1.1149E+00      1.0291E+00      1.2720E+00      8.1526E-01      8.3107E+01      9.8619E+01      1.0000E+00
      1.1158E+00      1.0757E+00      1.0079E+00      1.1323E+00      1.0429E+00      8.5881E+01      9.3518E+01      1.0000E+00
      1.1153E+00      1.0759E+00      1.0081E+00      1.1336E+00      1.0418E+00      8.5983E+01      9.3682E+01      1.0000E+00
      9.4385E-01      1.1157E+00      1.0295E+00      1.2744E+00      8.1402E-01      8.3200E+01      9.8732E+01      1.0000E+00
      5.6665E-01      1.2282E+00      1.1806E+00      1.3913E+00      3.7287E-01      7.6052E+01      1.2204E+02      1.0000E+00
      6.1100E-01      1.4471E+00      1.1811E+00      1.6819E+00      4.4608E-01      6.2708E+01      1.1547E+02      1.0000E+00
      9.3506E-01      1.1379E+00      1.0334E+00      1.2864E+00      7.4712E-01      7.5482E+01      9.8623E+01      1.0000E+00
      5.0325E-01      1.2169E+00      1.1118E+00      1.4793E+00      3.2939E-01      7.5239E+01      1.1533E+02      1.0000E+00
      5.2125E-01      1.2477E+00      1.1665E+00      1.5330E+00      3.7947E-01      6.8416E+01      1.1757E+02      1.0000E+00
      5.2120E-01      1.2477E+00      1.1659E+00      1.5325E+00      3.7941E-01      6.8466E+01      1.1755E+02      1.0000E+00
      5.0348E-01      1.2169E+00      1.1121E+00      1.4791E+00      3.2958E-01      7.5276E+01      1.1536E+02      1.0000E+00
      9.3521E-01      1.1380E+00      1.0335E+00      1.2862E+00      7.4737E-01      7.5460E+01      9.8586E+01      1.0000E+00
      9.9796E-01      1.0307E+00      1.0020E+00      1.0642E+00      9.6959E-01      8.8133E+01      9.1384E+01      1.0000E+00
      9.9796E-01      1.0307E+00      1.0020E+00      1.0642E+00      9.6959E-01      8.8133E+01      9.1384E+01      1.0000E+00
      7.6664E-01      1.4909E+00      1.3017E+00      1.8828E+00      3.6338E-01      6.5302E+01      1.2965E+02      1.0000E+00
      5.9620E-01      1.4356E+00      1.1541E+00      1.7099E+00      4.0314E-01      6.4112E+01      1.0649E+02      1.0000E+00
      8.6784E-01      1.1667E+00      1.0575E+00      1.3378E+00      6.6783E-01      7.1072E+01      9.7567E+01      1.0000E+00
      5.0199E-01      1.2065E+00      1.1582E+00      1.3575E+00      3.3615E-01      7.6928E+01      1.2028E+02      1.0000E+00
      5.2771E-01      1.4983E+00      1.2093E+00      1.6948E+00      3.8282E-01      6.1845E+01      1.1633E+02      1.0000E+00
      5.8840E-01      1.4326E+00      1.6538E+00      2.9364E+00      2.6841E-01      6.4953E+01      1.1894E+02      1.0000E+00
      6.4832E-01      1.2059E+00      1.2056E+00      1.7174E+00      4.7413E-01      6.9395E+01      1.0982E+02      1.0000E+00
      3.6567E-01      1.6162E+00      1.2975E+00      2.1085E+00      2.0736E-01      5.5237E+01      1.1057E+02      1.0000E+00
      3.5992E-01      1.2625E+00      1.1514E+00      1.4515E+00      2.8853E-01      6.2114E+01      1.1563E+02      1.0000E+00
      3.6018E-01      1.2618E+00      1.1506E+00      1.4523E+00      2.8843E-01      6.2160E+01      1.1550E+02      1.0000E+00
      3.6619E-01      1.6101E+00      1.2946E+00      2.1032E+00      2.0743E-01      5.5240E+01      1.1043E+02      1.0000E+00
      6.6447E-01      1.2281E+00      1.2011E+00      1.7715E+00      4.7806E-01      7.0237E+01      1.0941E+02      1.0000E+00
      6.6447E-01      1.2281E+00      1.2011E+00      1.7715E+00      4.7806E-01      7.0237E+01      1.0941E+02      1.0000E+00
      3.6619E-01      1.6101E+00      1.2946E+00      2.1032E+00      2.0743E-01      5.5240E+01      1.1043E+02      1.0000E+00
      3.6018E-01      1.2618E+00      1.1506E+00      1.4523E+00      2.8843E-01      6.2160E+01      1.1550E+02      1.0000E+00
      3.5992E-01      1.2625E+00      1.1514E+00      1.4515E+00      2.8853E-01      6.2114E+01      1.1563E+02      1.0000E+00
      3.6567E-01      1.6162E+00      1.2975E+00      2.1085E+00      2.0736E-01      5.5237E+01      1.1057E+02      1.0000E+00
      6.4832E-01      1.2059E+00      1.2056E+00      1.7174E+00      4.7413E-01      6.9395E+01      1.0982E+02      1.0000E+00
      5.8840E-01      1.4326E+00      1.6538E+00      2.9364E+00      2.6841E-01      6.4953E+01      1.1894E+02      1.0000E+00
      5.2771E-01      1.4983E+00      1.2093E+00      1.6948E+00      3.8282E-01      6.1845E+01      1.1633E+02      1.0000E+00
      5.0199E-01      1.2065E+00      1.1582E+00      1.3575E+00      3.3615E-01      7.6928E+01      1.2028E+02      1.0000E+00
      8.6784E-01      1.1667E+00      1.0575E+00      1.3378E+00      6.6783E-01      7.1072E+01      9.7567E+01      1.0000E+00
      5.9620E-01      1.4356E+00      1.1541E+00      1.7099E+00      4.0314E-01      6.4112E+01      1.0649E+02      1.0000E+00
      7.6664E-01      1.4909E+00      1.3017E+00      1.8828E+00      3.6338E-01      6.5302E+01      1.2965E+02      1.0000E+00
